15.4187
14.9172
14.3271
13.5722
12.7345
12.2603
11.9533
11.5481
11.3306
11.0959
10.8419
10.6484
10.4428
10.2942
10.1782
10.2383
10.0901
9.80294
9.77365
9.27592
8.96461
8.80984
8.38638
8.01651
7.98346
7.71623
7.37012
7.49297
7.31354
7.22946
7.17125
7.1982
7.09921
7.06577
7.10257
7.05618
7.07153
7.08102
7.19811
7.12394
7.08677
7.01527
7.07768
7.00688
7.11524
7.12645
6.93269
6.89454
6.98649
6.99234
6.93879
7.12864
6.95549
7.00711
6.8173
6.7704
6.90054
6.99271
7.00589
6.93956
7.08706
6.87777
6.95631
7.02744
6.86809
6.64849
6.77608
6.91578
6.68103
6.82472
6.95877
6.76371
6.87682
6.72064
6.70059
6.83532
6.81131
6.96383
6.92616
6.54261
6.77866
6.7453
6.75859
6.72632
6.6082
6.34934
6.34036
6.5548
6.43637
6.38436
6.33603
6.44951
6.46025
6.19679
6.33067
6.48143
6.21851
6.22113
6.15278
6.28462
6.02336
5.97051
6.00254
6.00059
5.88477
5.72517
5.88049
5.89029
6.00157
5.92262
5.74647
6.10184
6.25935
6.07009
6.00506
5.93562
5.97621
5.83447
5.93737
6.10188
6.08677
6.09309
6.02391
6.04454
6.08617
6.12323
6.12325
6.09826
6.03346
6.2553
6.14576
6.05001
5.97323
6.04867
6.05166
6.0007
6.20329
6.06003
5.96178
5.81734
6.02863
6.09452
6.18177
6.22997
6.27743
5.91429
5.87568
5.9263
6.13213
6.18547
6.24834
6.20378
6.22548
6.02827
6.07629
6.03785
5.93656
5.77097
6.25836
6.25186
6.10569
6.047
5.97888
6.10178
5.94135
6.08579
6.10594
5.96161
6.04958
6.30187
6.16245
6.14811
6.11118
6.10424
6.24929
5.95273
5.98248
6.12144
5.96299
6.35062
6.17194
6.13706
6.15261
6.24617
6.18235
6.12853
6.28855
6.15795
6.03335
6.10646
6.2099
6.33713
6.1691
6.08081
5.94745
6.08021
5.91121
5.98917
6.09344
6.10807
6.00192
6.16253
6.02056
5.89619
5.81628
5.94682
6.01153
6.0842
6.16618
6.07498
5.97435
6.17791
6.14919
6.19797
6.25119
6.12605
6.14952
6.30452
6.13063
6.33559
6.26258
6.30612
6.20351
6.39673
6.31675
6.35358
6.32117
6.26007
6.38742
5.97778
5.91
6.13237
6.22353
6.22098
6.19153
6.28874
6.26577
6.16598
6.32362
6.12381
6.10915
6.01257
5.74313
5.72211
6.05658
6.13581
5.96501
5.89019
5.95517
6.11341
6.14809
6.24212
6.03365
6.12868
6.09384
6.03963
5.93026
5.84179
5.84379
5.77687
5.98117
5.83662
5.74294
5.99305
5.99547
6.2448
6.22286
6.3683
6.42644
6.40825
6.29133
5.9909
5.99374
5.97538
6.08808
5.95614
5.97623
6.05286
6.30491
6.22846
6.24618
6.02503
6.07299
6.04822
5.84048
5.85791
5.94463
5.82985
5.97708
6.01606
5.65352
5.7512
5.78317
5.94868
5.81676
5.63869
5.84683
6.09778
5.95872
5.82943
5.92632
5.97724
6.28192
6.11444
6.05939
5.98571
5.89105
6.00812
6.05361
6.05964
5.84806
5.78259
6.16518
6.17818
5.95347
6.14388
6.1439
6.0561
6.1495
6.1345
6.20966
6.22979
5.94482
5.97953
6.05606
6.03453
5.76964
5.77286
5.72905
5.83909
5.9508
5.92169
5.84785
5.96167
5.90103
5.77686
5.75678
5.90388
5.95403
6.19865
5.86172
5.95938
6.04685
6.05663
6.06469
6.21041
6.3065
6.02933
5.84407
5.92154
6.22797
6.3096
6.08975
6.13277
6.31469
6.17394
6.34017
6.134
5.98753
5.99731
5.904
5.90396
6.11075
5.84394
5.74427
5.89993
5.89056
5.98864
6.04411
6.27488
6.39007
6.18659
5.9697
5.93612
5.97739
5.95246
5.89524
6.02746
5.93243
5.94668
5.93405
5.95442
6.0206
6.30752
6.42241
6.17448
6.39181
6.29807
6.10301
6.12502
6.27654
6.14541
6.19119
5.98199
6.01465
5.86023
5.795
5.87576
6.07319
6.08598
5.90388
5.91805
5.66768
5.82403
5.75376
5.73677
5.85337
5.95988
5.99268
6.12645
5.93339
5.83744
5.88095
5.95395
5.99744
5.87342
5.6624
5.93775
6.06501
5.92442
5.9373
6.07491
6.05461
5.94441
5.65684
5.91055
5.8641
5.94366
5.79561
5.79801
5.85824
5.91572
5.94313
6.11743
5.84168
5.90775
5.89519
5.98444
6.07796
6.06617
6.06285
5.9093
5.99829
5.95946
6.09558
5.77792
5.7722
5.87246
5.76699
5.83434
5.80391
6.10409
6.03021
6.05605
5.84969
5.88563
5.89377
6.00544
5.73017
5.76348
5.73154
5.7307
5.98836
6.04777
5.8791
5.91606
6.08207
6.28135
6.12653
6.05182
5.92295
6.17001
6.01239
6.00786
6.12001
5.94409
6.0277
6.03344
6.32309
6.44333
6.34828
6.17396
6.08394
6.11433
5.96831
5.87172
5.82065
6.07065
5.79977
5.90087
5.91502
5.81505
5.98704
5.93666
5.75825
6.06846
5.9484
6.07589
6.03665
6.02817
