14.0912
13.8296
12.6237
11.54
11.1887
11.0033
10.7506
10.3384
10.3384
10.2225
10.0829
9.89226
9.6426
9.6426
9.36933
9.09818
8.64732
8.64732
8.20363
8.20363
8.1369
7.09253
7.09253
7.09253
6.75111
6.56067
6.56067
6.56067
6.28601
6.28042
6.28042
6.28042
6.26618
6.26618
6.26618
6.26618
6.26618
6.26618
6.26618
6.26618
6.26618
6.26618
6.26618
6.26618
6.11773
6.11773
6.11773
6.10487
6.09713
6.09713
6.09713
6.09713
6.09713
6.09713
6.09713
6.09713
6.0808
6.05796
5.86342
5.86342
5.81519
5.81519
5.81519
5.81519
5.81519
5.81519
5.66482
5.65382
5.63068
5.63068
5.63068
5.63068
5.63068
5.63068
5.63068
5.63068
5.63068
5.63068
5.63068
5.52309
5.52309
5.52309
5.52309
5.44734
5.44734
5.44734
5.36903
5.36903
5.36903
5.36903
5.36903
4.99389
4.99389
4.99389
4.99389
4.99389
4.99389
4.99389
4.99389
4.99389
4.99389
4.99389
4.99389
4.99389
4.99389
4.98779
4.98779
4.98779
4.98779
4.98779
4.98779
4.98779
4.98779
4.98779
4.98779
4.98779
4.98779
4.98779
4.98779
4.98779
4.98779
4.98779
4.98779
4.98779
4.98779
4.98779
4.98779
4.98779
4.98779
4.98779
4.98779
4.98779
4.98779
4.98779
4.98779
4.98779
4.98779
4.98779
4.98779
4.98779
4.98779
4.98779
4.98779
4.98779
4.98779
4.98779
4.98779
4.98779
4.98779
4.98779
4.98779
4.98779
4.98779
4.98779
4.98779
4.98779
4.98779
4.98779
4.98779
4.98779
4.98779
4.98779
4.98779
4.98779
4.98779
4.98779
4.98779
4.98779
4.98779
4.98779
4.98779
4.98779
4.98779
4.98779
4.98779
4.98779
4.98779
4.98779
4.97956
4.97679
4.97679
4.97679
4.97679
4.97679
4.97679
4.97679
4.97679
4.97679
4.97679
4.97679
4.97679
4.97679
4.97679
4.97679
4.97679
4.97679
4.97679
4.97679
4.97679
4.97679
4.97679
4.97679
4.97679
4.97679
4.97679
4.97679
4.97679
4.97679
4.97679
4.96856
4.96856
4.96856
4.96856
4.96856
4.96856
4.96856
4.96856
4.96856
4.96856
4.96856
4.96856
4.96856
4.96856
4.96856
4.96856
4.96856
4.96856
4.96856
4.96856
4.96856
4.96856
4.96856
4.96856
4.96856
4.96856
4.96856
4.96856
4.96856
4.96856
4.96856
4.74454
4.74454
4.74454
4.74454
4.74454
4.74454
4.74454
4.74454
4.74454
4.74454
4.74454
4.74454
4.74454
4.74454
4.74454
4.74454
4.74454
4.74454
4.74454
4.74454
4.74454
4.74454
4.74454
4.74454
4.74454
4.74454
4.74454
4.74454
4.74454
4.74454
4.68909
4.68909
4.68909
4.68909
4.68909
4.68909
4.68909
4.64898
4.64898
4.64898
4.64898
4.64898
4.64898
4.64898
4.64898
4.64898
4.64898
4.64898
4.64898
4.64898
4.64898
4.64898
4.64898
4.64898
4.64898
4.64898
4.64898
4.64898
4.64898
4.64898
4.64898
4.64898
4.64898
4.64898
4.64898
4.64898
4.64898
4.64898
4.64898
4.64898
4.64898
4.64898
4.64898
4.64898
4.64898
4.64898
4.64898
4.64898
4.64898
4.64898
4.64898
4.64898
4.64898
4.64898
4.64898
4.64898
4.64898
4.64898
4.64898
4.64898
4.64898
4.64898
4.64898
4.64898
4.64898
4.64898
4.64898
4.64898
4.64898
4.64898
4.64898
4.64898
4.64898
4.64898
4.64898
4.64898
4.64898
4.64898
4.64898
4.64898
4.64898
4.64898
4.64898
4.64898
4.64898
4.64898
4.64898
4.64898
4.64898
4.64898
4.64898
4.64898
4.64898
4.64898
4.64898
4.64898
4.64898
4.64898
4.64898
4.64898
4.64898
4.64898
4.64898
4.64898
4.64898
4.64898
4.64898
4.64898
4.64898
4.64898
4.64898
4.64898
4.64898
4.64898
4.64898
4.64898
4.64898
4.64898
4.64898
4.64898
4.64898
4.64898
4.64898
4.64898
4.64898
4.64898
4.64898
4.64898
4.64898
4.64898
4.64898
4.64898
4.64898
4.64898
4.64898
4.64898
4.64898
4.64898
4.64898
4.64898
4.64898
4.64898
4.64898
4.64898
4.64898
4.64898
4.64898
4.64898
4.64898
4.64898
4.64898
4.64898
4.64898
4.64898
4.64898
4.64898
4.64898
4.64898
4.64898
4.64898
4.64898
4.64898
4.64898
4.64898
4.64898
4.64898
4.64898
4.64898
4.64898
4.64898
4.64898
4.64898
4.64898
4.64898
4.64898
4.64898
4.64898
4.64898
4.64898
4.64898
4.64898
4.64898
4.64898
4.64898
4.64898
4.64898
4.64898
4.64898
4.64898
4.64898
4.64898
4.64898
4.64898
4.64898
4.64898
4.64898
4.64898
4.64898
4.64898
4.64898
4.64898
4.64898
4.64898
4.64898
4.64898
4.64898
4.64898
4.64898
4.64898
4.64898
4.64898
4.64898
4.64898
4.64898
4.64898
4.64898
4.64898
4.64898
4.64898
4.64898
4.64898
4.64898
4.64898
4.64898
4.64898
4.64898
4.64898
4.64898
4.64898
4.64898
