16.957
16.1907
12.6506
13.597
10.5674
9.22174
9.20052
7.9135
6.97168
6.47202
5.95609
6.40162
5.63547
5.33669
6.07109
5.64371
5.05726
5.67887
5.07074
5.18243
5.11461
4.81635
5.18597
5.07487
4.94316
4.66263
4.87356
4.95196
4.86386
4.81161
4.70419
4.80506
4.81423
4.91822
4.97943
4.74251
4.76048
4.80921
4.74841
4.70974
4.73398
4.67242
4.6581
4.8875
4.64149
4.6544
4.65732
4.67369
4.72109
4.67535
4.67725
4.70546
4.66419
4.65352
4.64489
4.6816
4.64898
4.64987
4.64898
4.64898
4.63666
4.66029
4.66029
4.64987
4.73852
4.73274
4.72228
4.68945
4.69034
4.69034
4.68196
4.70043
4.65721
4.6544
4.64489
4.6544
4.70187
4.66029
4.64149
4.67018
4.67674
4.6581
4.67358
4.63666
4.67535
4.64489
4.67018
4.67851
4.64149
4.64489
4.64149
4.6581
4.65995
4.65721
4.66555
4.63666
4.66263
4.64987
4.6544
4.6628
4.67369
4.64898
4.65172
4.65172
4.64489
4.64489
4.64149
4.63666
4.64149
4.64489
4.67674
4.6628
4.65732
4.63666
4.65732
4.64489
4.64987
4.63666
4.63666
4.68497
4.64149
4.63666
4.66419
4.64898
4.65732
4.64489
4.65732
4.64149
4.64489
4.65352
4.64898
4.63666
4.63666
4.65172
4.64987
4.65721
4.64489
4.63666
4.63666
4.64149
4.6544
4.63666
4.64489
4.65457
4.65457
4.64987
4.64149
4.64149
4.64149
4.66263
4.65352
4.63666
4.63666
4.65732
4.6628
4.64972
4.63666
4.64149
4.64149
4.66176
4.64149
4.63666
4.66029
4.63666
4.64898
4.65352
4.63666
4.65732
4.63666
4.64972
4.63666
4.64898
4.67358
4.65352
4.64987
4.65457
4.64898
4.65732
4.64149
4.67242
4.65352
4.63666
4.63666
4.64149
4.6544
4.6544
4.63666
4.63666
4.63666
4.64489
4.66176
4.63666
4.63666
4.63666
4.63666
4.63666
4.65721
4.63666
4.63666
4.63666
4.63666
4.63666
4.64149
4.63666
4.64149
4.64972
4.63666
4.63666
4.63666
4.64149
4.63666
4.63666
4.63666
4.63666
4.63666
4.63666
4.64149
4.63666
4.63666
4.63666
4.6544
4.66535
4.64898
4.64149
4.63666
4.63666
4.63666
4.63666
4.63666
4.63666
4.64149
4.64149
4.63666
4.63666
4.66176
4.63666
4.64972
4.64972
4.63666
4.63666
4.63666
4.64149
4.64149
4.63666
4.64149
4.63666
4.63666
4.63666
4.63666
4.63666
4.63666
4.63666
4.63666
4.64489
4.64149
4.63666
4.63666
4.64898
4.64987
4.67035
4.65721
4.63666
4.63666
4.63666
4.63666
4.63666
4.63666
4.64489
4.64489
4.63666
4.64149
4.63666
4.63666
4.63666
4.64489
4.63666
4.63666
4.64149
4.63666
4.63666
4.63666
4.63666
4.63666
4.64149
4.63666
4.63666
4.63666
4.64149
4.64489
4.63666
4.63666
4.65172
4.64149
4.63666
4.63666
4.63666
4.63666
4.64489
4.63666
4.63666
4.64149
4.63666
4.63666
4.63666
4.63666
4.63666
4.64489
4.63666
4.64149
4.63666
4.64149
4.63666
4.63666
4.64149
4.63666
4.64149
4.63666
4.63666
4.63666
4.64149
4.63666
4.64149
4.63666
4.64149
4.63666
4.64489
4.63666
4.63666
4.63666
4.63666
4.63666
4.63666
4.63666
4.63666
4.64149
4.63666
4.63666
4.63666
4.63666
4.63666
4.63666
4.63666
4.63666
4.64489
4.63666
4.63666
4.63666
4.63666
4.63666
4.64489
4.63666
4.63666
4.63666
4.63666
4.63666
4.63666
4.64149
4.63666
4.63666
4.64149
4.63666
4.63666
4.63666
4.63666
4.63666
4.63666
4.63666
4.63666
4.63666
4.63666
4.63666
4.63666
4.64149
4.64987
4.64987
4.63666
4.63666
4.63666
4.63666
4.64149
4.64149
4.63666
4.63666
4.64489
4.63666
4.63666
4.63666
4.64149
4.64489
4.63666
4.64149
4.63666
4.63666
4.63666
4.63666
4.64489
4.63666
4.63666
4.64149
4.63666
4.63666
4.63666
4.63666
4.64149
4.63666
4.63666
4.63666
4.63666
4.63666
4.63666
4.63666
4.63666
4.64149
4.63666
4.63666
4.63666
4.63666
4.64149
4.63666
4.63666
4.63666
4.63666
4.63666
4.63666
4.64489
4.63666
4.64149
4.63666
4.63666
4.63666
4.63666
4.63666
4.63666
4.63666
4.64149
4.63666
4.63666
4.63666
4.63666
4.64149
4.63666
4.63666
4.63666
4.63666
4.64149
4.63666
4.63666
4.63666
4.63666
4.63666
4.64149
4.63666
4.63666
4.63666
4.63666
4.63666
4.63666
4.63666
4.63666
4.64149
4.63666
4.63666
4.63666
4.63666
4.64149
4.63666
4.63666
4.63666
4.63666
4.63666
4.63666
4.63666
4.63666
4.63666
4.64149
4.63666
4.64149
4.63666
4.63666
4.63666
4.63666
4.63666
4.63666
4.63666
4.63666
4.63666
4.63666
4.63666
4.63666
4.63666
4.63666
4.63666
4.63666
4.63666
4.64489
4.63666
4.63666
4.63666
4.63666
4.63666
