-8.43329
-8.24149
-8.1915
-8.10591
-8.07354
-7.97762
-7.98518
-7.9138
-7.87205
-7.83368
-7.82857
-7.8677
-7.87358
-7.88791
-7.86259
-7.75572
-7.72466
-7.62703
-7.65443
-7.47339
-7.53205
-7.506
-7.58152
-7.67642
-7.72772
-7.63544
-7.63136
-7.6342
-7.63677
-7.64918
-7.61708
-7.64169
-7.68654
-7.67813
-7.64139
-7.59948
-7.61842
-7.65796
-7.67656
-7.73837
-7.70002
-7.5903
-7.50883
-7.54947
-7.63685
-7.6698
-7.60479
-7.64701
-7.66377
-7.603
-7.58016
-7.61591
-7.6097
-7.58096
-7.65079
-7.68516
-7.7777
-7.77325
-7.79858
-7.69047
-7.7318
-7.72345
-7.68945
-7.70205
-7.65502
-7.62131
-7.60428
-7.60589
-7.69576
-7.65808
-7.67194
-7.61871
-7.56882
-7.62205
-7.65691
-7.57064
-7.54588
-7.68166
-7.78937
-7.80273
-7.76307
-7.71299
-7.74751
-7.70425
-7.65296
-7.59429
-7.63209
-7.66365
-7.61402
-7.61002
-7.60418
-7.60056
-7.61738
-7.62989
-7.60817
-7.59572
-7.53486
-7.56497
-7.5703
-7.55248
-7.54707
-7.5115
-7.48237
-7.49845
-7.50579
-7.4988
-7.47699
-7.48899
-7.51143
-7.51173
-7.52751
-7.54707
-7.56543
-7.53525
-7.56842
-7.58752
-7.57019
-7.50884
-7.51548
-7.55143
-7.45995
-7.4689
-7.45695
-7.45913
-7.50758
-7.5694
-7.6335
-7.59422
-7.56511
-7.66434
-7.5968
-7.61528
-7.61687
-7.61516
-7.50938
-7.56354
-7.6038
-7.59437
-7.58058
-7.54709
-7.58387
-7.5811
-7.53336
-7.59564
-7.53458
-7.46357
-7.46075
-7.46086
-7.53513
-7.52515
-7.47488
-7.46229
-7.50521
-7.51831
-7.54686
-7.57346
-7.48348
-7.53949
-7.41306
-7.40697
-7.47626
-7.49154
-7.48027
-7.55121
-7.51204
-7.505
-7.46487
-7.45535
-7.5216
-7.51088
-7.52046
-7.45904
-7.52712
-7.52547
-7.61657
-7.56127
-7.51419
-7.52767
-7.53353
-7.5665
-7.59441
-7.66794
-7.66107
-7.46037
-7.53106
-7.49189
-7.4376
-7.43966
-7.44442
-7.42904
-7.40918
-7.42657
-7.44674
-7.57462
-7.52886
-7.65105
-7.56233
-7.65024
-7.65204
-7.58397
-7.63151
-7.61891
-7.62414
-7.66105
-7.68685
-7.59982
-7.58828
-7.53636
-7.58883
-7.61952
-7.67922
-7.58722
-7.59181
-7.49895
-7.38757
-7.43817
-7.51782
-7.53407
-7.59314
-7.61635
-7.59325
-7.64302
-7.59743
-7.6138
-7.67211
-7.67369
-7.66566
-7.61238
-7.65657
-7.63626
-7.67114
-7.65733
-7.64783
-7.69856
-7.68861
-7.73984
-7.71088
-7.66148
-7.53991
-7.50133
-7.63746
-7.61705
-7.63432
-7.61754
-7.53325
-7.50575
-7.43917
-7.50159
-7.43365
-7.48381
-7.3885
-7.4688
-7.55596
-7.63241
-7.67465
-7.6648
-7.67836
-7.64892
-7.65701
-7.70916
-7.77473
-7.7902
-7.77641
-7.72463
-7.67489
-7.608
-7.5733
-7.56252
-7.62956
-7.59904
-7.45095
-7.48756
-7.50138
-7.52695
-7.50092
-7.47727
-7.49565
-7.5265
-7.40633
-7.40121
-7.45065
-7.49022
-7.48921
-7.52506
-7.67035
-7.6155
-7.56708
-7.50796
-7.50379
-7.49846
-7.56014
-7.64171
-7.62193
-7.57686
-7.55722
-7.54494
-7.59832
-7.59114
-7.57794
-7.54488
-7.53683
-7.56913
-7.58334
-7.45262
-7.4676
-7.53
-7.504
-7.39391
-7.34213
-7.39638
-7.34838
-7.36937
-7.44432
-7.43934
-7.41671
-7.49415
-7.47736
-7.52974
-7.55464
-7.60174
-7.54118
-7.55309
-7.48412
-7.49601
-7.48271
-7.45653
-7.45576
-7.48335
-7.52842
-7.47448
-7.54014
-7.50945
-7.52192
-7.51042
-7.47662
-7.43243
-7.43446
-7.49513
-7.48842
-7.52717
-7.61171
-7.57679
-7.68051
-7.62809
-7.62548
-7.64191
-7.55864
-7.50137
-7.61305
-7.65692
-7.63815
-7.62689
-7.601
-7.56089
-7.51991
-7.54228
-7.5594
-7.6256
-7.6169
-7.67221
-7.69433
-7.58524
-7.68299
-7.71614
-7.72386
-7.66031
-7.589
-7.64485
-7.59129
-7.51045
-7.54154
-7.55243
-7.56987
-7.61072
-7.56763
-7.61732
-7.70573
-7.72534
-7.72723
-7.67423
-7.66057
-7.70995
-7.69678
-7.64513
-7.7005
-7.69731
-7.63642
-7.60081
-7.62709
-7.55512
-7.55009
-7.49838
-7.44709
-7.4576
-7.41058
-7.44808
-7.51778
-7.59978
-7.59566
-7.55213
-7.5567
-7.51669
-7.50209
-7.51257
-7.55788
-7.60109
-7.59587
-7.54143
-7.54636
-7.60528
-7.62148
-7.60005
-7.61873
-7.59815
-7.60406
-7.60875
-7.55486
-7.59001
-7.54916
-7.57674
-7.63269
-7.74435
-7.62659
-7.57415
-7.64684
-7.5786
-7.47659
-7.50628
-7.494
-7.52056
-7.52184
-7.48902
-7.48274
-7.41164
-7.52811
-7.53348
-7.45361
-7.43842
-7.43376
-7.42991
-7.47665
-7.51575
-7.60404
-7.59768
-7.5597
-7.57066
-7.50926
-7.55296
-7.52169
-7.52222
-7.50263
-7.50718
-7.46163
-7.44379
-7.44393
-7.46522
-7.47441
-7.3629
-7.43728
-7.45935
-7.43874
-7.47597
-7.49819
-7.54428
-7.57428
-7.61119
-7.63033
-7.67726
-7.70712
-7.7663
-7.69165
-7.66367
-7.57971
-7.56322
-7.62056
-7.60327
-7.55342
-7.59371
-7.60147
-7.50877
-7.4911
-7.54559
-7.56923
-7.54431
-7.58038
-7.64018
-7.52292
-7.53962
-7.52248
-7.52982
-7.5657
-7.50723
-7.48604
-7.48404
-7.54305
-7.54668
-7.62222
-7.64863
-7.6659
-7.61013
-7.59146
-7.62797
-7.74842
-7.67157
-7.72041
-7.73335
-7.68786
-7.7177
-7.68752
-7.74659
-7.73461
-7.65068
-7.64265
-7.66016
-7.60427
-7.67185
-7.57324
-7.66508
-7.62675
-7.67686
-7.64472
-7.57518
-7.56356
-7.60247
-7.57678
-7.58753
-7.61998
-7.68559
-7.70738
-7.72718
-7.68519
-7.66561
-7.55583
-7.5931
-7.60329
-7.57472
-7.67653
-7.65537
-7.66115
-7.67847
-7.65048
-7.61325
-7.63649
-7.61725
-7.70366
-7.67661
-7.6894
-7.63796
-7.5983
-7.57714
-7.60487
-7.5034
-7.43673
-7.41757
-7.4595
-7.44972
-7.52047
-7.63016
-7.55045
-7.55055
-7.51307
-7.57641
-7.56621
-7.50368
-7.51188
-7.51203
-7.45043
-7.4854
-7.4845
-7.49022
-7.52542
-7.5345
-7.50844
-7.48225
-7.48837
-7.41924
-7.45587
-7.48929
-7.48763
-7.45169
-7.43091
-7.38316
-7.50271
-7.55998
-7.54186
-7.48946
-7.45639
-7.39198
-7.44803
-7.50365
-7.51416
-7.52114
-7.60171
-7.58655
-7.60062
-7.65253
-7.61243
-7.678
-7.66433
-7.688
-7.66483
-7.6241
-7.5936
-7.58985
-7.59806
-7.58704
-7.61097
-7.61962
-7.58831
-7.61581
-7.61247
-7.66084
-7.71029
-7.67041
-7.63595
-7.65759
-7.62749
-7.62034
-7.72659
-7.71906
-7.69483
-7.64664
-7.66401
-7.61595
-7.66985
-7.66894
-7.62304
-7.57221
-7.53513
-7.57432
-7.62534
-7.49606
-7.57975
-7.66089
-7.63338
-7.6731
-7.69931
-7.72928
-7.68029
-7.65467
-7.56704
-7.49558
-7.50685
-7.53249
-7.57327
-7.58373
-7.55116
-7.5734
-7.54711
-7.54404
-7.58796
-7.55654
-7.53243
-7.50757
-7.58385
-7.58981
-7.53387
-7.60799
-7.62142
-7.58918
-7.61099
-7.66355
-7.70918
-7.7111
-7.63519
-7.54875
-7.52526
-7.57868
-7.52773
-7.55506
-7.55704
-7.60101
-7.58448
-7.67252
-7.65119
-7.67309
-7.66526
-7.75485
-7.75851
-7.68199
-7.67706
-7.72559
-7.76234
-7.78004
-7.71475
-7.7706
-7.72115
-7.64603
-7.61273
-7.58859
-7.591
-7.59436
-7.5534
-7.44117
-7.51245
-7.55799
-7.48099
-7.50793
-7.54204
-7.58482
-7.53522
-7.50608
-7.50619
-7.52777
-7.53352
-7.51681
-7.50308
-7.46332
-7.46855
-7.53479
-7.53084
-7.51018
-7.44975
-7.43973
-7.47094
-7.50339
-7.48183
-7.47862
-7.55496
-7.49198
-7.50533
-7.50351
-7.52358
-7.49552
-7.48878
-7.49291
-7.48808
-7.5599
-7.60588
-7.48231
-7.56103
-7.54585
-7.55632
-7.5446
-7.48265
-7.47139
-7.50274
-7.51123
-7.46208
-7.4377
-7.48394
-7.57874
-7.5003
-7.52756
-7.51971
-7.55898
-7.59317
-7.57444
-7.49425
-7.52493
-7.44288
-7.40954
-7.38564
-7.50479
-7.51213
-7.49726
-7.43254
-7.49674
-7.50472
-7.52531
-7.55432
-7.58624
-7.62249
-7.6531
-7.59657
-7.59388
-7.54993
-7.48753
-7.52149
-7.62209
-7.64715
-7.66897
-7.71133
-7.7816
-7.71358
-7.73725
-7.72686
-7.65129
-7.60738
-7.58442
-7.56391
-7.57937
-7.61592
-7.65657
-7.62289
-7.60573
-7.59268
-7.60424
-7.62333
-7.59727
-7.63374
-7.69218
-7.69918
-7.70376
-7.74229
-7.69952
-7.63938
-7.56562
-7.53771
-7.54953
-7.4891
-7.52966
-7.57761
-7.6331
-7.55064
-7.55312
-7.58521
-7.54092
-7.5236
-7.52667
-7.49328
-7.52948
-7.45666
-7.52242
-7.62148
-7.65172
-7.64513
-7.66225
-7.65558
-7.57509
-7.58347
-7.58353
-7.55507
-7.52496
-7.47869
-7.44386
-7.51655
-7.41016
-7.42128
-7.4601
-7.46392
-7.42538
-7.37285
-7.40496
-7.40041
-7.36779
-7.37136
-7.39333
-7.40378
-7.3789
-7.42075
-7.48188
-7.45453
-7.41443
-7.43609
-7.44882
-7.55043
-7.51532
-7.52418
-7.49546
-7.49443
-7.51163
-7.40564
-7.45057
-7.42085
-7.53366
-7.60476
-7.56228
-7.59776
-7.60617
-7.60117
-7.6439
-7.64709
-7.66187
-7.68402
-7.65516
-7.64815
-7.6146
-7.597
-7.6196
-7.61237
-7.61953
-7.61919
-7.6347
-7.66559
-7.65302
-7.62837
-7.54355
-7.5616
-7.55505
-7.53908
-7.53154
-7.51587
-7.46046
-7.44879
-7.48109
-7.4796
-7.52544
-7.55003
-7.54591
-7.51146
-7.44254
-7.45595
-7.4702
-7.5029
-7.46081
-7.48781
-7.55803
-7.53334
-7.53854
-7.49966
-7.56983
-7.64146
-7.62824
-7.68862
-7.66609
-7.6386
-7.73457
-7.63594
-7.60187
-7.59649
-7.52434
-7.58913
-7.67106
-7.62933
-7.57001
-7.44054
-7.33181
-7.36836
-7.34056
-7.36432
-7.38784
-7.47215
-7.46274
-7.52004
-7.57114
-7.61463
-7.60989
-7.62049
-7.58889
-7.55568
-7.51975
-7.51721
-7.53877
-7.59911
-7.53518
-7.56767
-7.53739
-7.55577
-7.60463
-7.52232
-7.47202
-7.58294
-7.66149
-7.61092
-7.61954
-7.5449
-7.58875
-7.62049
-7.54895
-7.53528
-7.57831
-7.4864
-7.4994
-7.43928
-7.45887
-7.52528
-7.50465
-7.44263
-7.49062
-7.42159
-7.45158
-7.45298
-7.43556
-7.42428
-7.49986
-7.49007
-7.45222
-7.47632
-7.50849
-7.58821
-7.58614
-7.55234
-7.57927
-7.57486
-7.63817
-7.66423
-7.68169
-7.56561
-7.56093
-7.58532
-7.57394
-7.51815
-7.53657
-7.55349
-7.5341
-7.44063
-7.43965
-7.45658
-7.52624
-7.51342
-7.51043
-7.51514
-7.54609
-7.59594
-7.61453
-7.5583
-7.54355
-7.58026
-7.55165
