1.50997
1.85627
1.94262
2.10112
2.15707
2.33239
2.32234
2.45461
2.52191
2.58941
2.60684
2.5312
2.52083
2.49552
2.53844
2.73607
2.80108
2.97732
2.92848
3.26763
3.14516
3.19072
3.06221
2.88445
2.78398
2.9507
2.95765
2.9656
2.95092
2.93268
2.9961
2.94264
2.85589
2.87659
2.94677
3.01956
2.98492
2.91353
2.87049
2.75816
2.83131
3.03807
3.20567
3.12337
2.95594
2.89372
3.00786
2.93101
2.89996
3.00752
3.05062
2.99048
3.00565
3.06342
2.93411
2.87048
2.70345
2.71049
2.6603
2.8602
2.78168
2.79464
2.85949
2.83065
2.92194
2.9851
3.01651
3.01403
2.85347
2.91675
2.89409
2.98764
3.08873
2.98873
2.91689
3.07745
3.11001
2.86272
2.66584
2.63989
2.71964
2.81047
2.74567
2.82817
2.91786
3.02145
2.94523
2.89996
2.99244
3.00633
3.01068
3.0153
2.98548
2.95579
2.99459
3.02513
3.13185
3.08837
3.07892
3.10942
3.11856
3.18674
3.24121
3.21974
3.20133
3.20724
3.24734
3.22308
3.19505
3.19205
3.1549
3.11289
3.07896
3.14001
3.07365
3.03716
3.06271
3.17709
3.16501
3.10607
3.26691
3.25443
3.28067
3.26782
3.18146
3.06485
2.94624
3.01766
3.08024
2.88581
3.01943
2.98978
2.98574
2.99241
3.18508
3.07789
3.00742
3.0203
3.04569
3.09788
3.03268
3.03773
3.13696
3.01662
3.12811
3.25551
3.27307
3.27365
3.14698
3.16209
3.25155
3.27665
3.19324
3.16819
3.11306
3.07579
3.2301
3.12273
3.37186
3.37231
3.24941
3.21506
3.25418
3.11394
3.17693
3.19074
3.27113
3.28899
3.1561
3.17896
3.1673
3.28343
3.16149
3.1652
2.99764
3.09239
3.18987
3.14948
3.13817
3.08951
3.02848
2.89759
2.91104
3.27208
3.15413
3.22483
3.33322
3.31966
3.30974
3.32887
3.37537
3.3437
3.31023
3.077
3.16661
2.931
3.1038
2.93913
2.93711
3.05216
2.9598
2.99464
2.98833
2.91641
2.86715
3.02231
3.04716
3.14542
3.04855
2.99166
2.87866
3.04388
3.04562
3.21722
3.41193
3.32802
3.17099
3.13465
3.0299
3.00317
3.03379
2.93991
3.02255
3.00358
2.91191
2.90434
2.91545
2.99212
2.90322
2.94496
2.88305
2.90746
2.93027
2.83039
2.85477
2.76742
2.82816
2.91615
3.15079
3.21238
2.95904
2.99729
2.95674
2.98825
3.14102
3.18249
3.30025
3.20107
3.31765
3.23438
3.41294
3.27115
3.1171
2.9742
2.88383
2.9062
2.88371
2.93754
2.92178
2.82825
2.70796
2.6709
2.69772
2.79445
2.89321
3.0179
3.07502
3.09455
2.97233
3.02825
3.31123
3.24239
3.21009
3.15263
3.20019
3.24189
3.20693
3.1606
3.38123
3.38674
3.28374
3.21425
3.22152
3.15138
2.8855
2.99067
3.08188
3.18712
3.21467
3.21275
3.08968
2.93895
2.97756
3.06954
3.10193
3.12729
3.03565
3.06142
3.0727
3.1367
3.14885
3.08947
3.06115
3.29811
3.26753
3.15085
3.19978
3.41449
3.49789
3.40376
3.487
3.44353
3.29911
3.31247
3.36502
3.21677
3.25367
3.1584
3.10902
3.03137
3.1382
3.11406
3.2453
3.21099
3.23878
3.29026
3.28712
3.23332
3.14611
3.23873
3.12169
3.17783
3.15922
3.17883
3.24231
3.33654
3.3207
3.2125
3.21606
3.14564
2.98993
3.0613
2.87683
2.97428
2.96918
2.9552
3.10018
3.19994
2.98904
2.90978
2.93601
2.95014
2.99823
3.08313
3.15883
3.11928
3.07881
2.95741
2.97811
2.87605
2.84489
3.0505
2.86405
2.8006
2.78159
2.907
3.04093
2.9477
3.04179
3.19909
3.14008
3.12088
3.08985
3.01864
3.10701
3.00893
2.84363
2.80719
2.79101
2.88847
2.91877
2.8294
2.85628
2.94178
2.84503
2.8458
2.95722
3.02188
2.95987
3.09744
3.10785
3.20409
3.30117
3.28742
3.36856
3.29821
3.1698
3.01355
3.00961
3.10033
3.0804
3.15717
3.18422
3.16691
3.09092
3.01271
3.02346
3.11434
3.11271
3.01389
2.97467
3.0242
2.98002
3.01692
3.00662
3.00206
3.1061
3.04412
3.12107
3.07864
2.96635
2.76111
2.96953
3.06604
2.92939
3.05133
3.23398
3.17844
3.2045
3.15633
3.1633
3.22344
3.23114
3.37101
3.15178
3.1355
3.27808
3.3122
3.31382
3.31845
3.23695
3.16852
3.00355
3.01138
3.08449
3.06284
3.17551
3.0902
3.16174
3.15027
3.19401
3.18847
3.27263
3.31281
3.30971
3.27046
3.24543
3.45328
3.31702
3.27835
3.31944
3.25005
3.20091
3.11048
3.05412
3.00098
2.95904
2.8679
2.81271
2.70506
2.83323
2.8869
3.05017
3.08536
2.9785
3.00077
3.09465
3.01759
3.00794
3.178
3.21413
3.13301
3.09532
3.14006
3.06886
2.95421
3.16347
3.12393
3.15833
3.13495
3.07765
3.18794
3.23009
3.23165
3.13948
3.13826
2.98716
2.92602
2.89572
3.00243
3.04363
2.96346
2.74596
2.8947
2.80196
2.77812
2.86596
2.80378
2.85288
2.74924
2.77632
2.93444
2.94916
2.90445
3.0075
2.88653
3.0583
2.89412
2.96822
2.86314
2.92698
3.05736
3.08601
3.01784
3.07063
3.04667
2.98039
2.86272
2.81888
2.78816
2.8642
2.89532
3.09691
3.03009
3.01672
3.07224
2.87417
2.92051
2.91232
2.88209
2.93898
2.99126
2.94853
2.98853
2.82407
2.86135
2.85643
2.9478
3.01196
3.05386
3.00806
3.19315
3.31417
3.35433
3.27753
3.29995
3.16251
2.96483
3.12032
3.11761
3.18351
3.06285
3.06821
3.18124
3.17509
3.1832
3.28547
3.23171
3.24806
3.23659
3.15987
3.14403
3.20021
3.22904
3.21847
3.34756
3.2838
3.2238
3.22209
3.28879
3.32936
3.42757
3.20777
3.09594
3.1211
3.22857
3.27921
3.39839
3.29801
3.19881
3.17584
3.15737
3.01024
3.04692
3.03711
2.93147
3.00242
2.87531
2.89775
2.85897
2.89417
2.97498
3.02723
3.0346
3.02071
3.04409
3.00003
2.9825
3.04329
2.9893
2.99837
2.91728
2.81307
2.90079
2.96659
2.92277
2.98589
3.00032
2.79463
2.80403
2.84709
2.9335
2.90424
2.98581
2.87556
2.88285
2.96882
3.06557
3.13489
3.06382
2.97588
3.21645
3.06496
2.90714
2.94893
2.88252
2.84986
2.79644
2.87787
2.92872
3.08684
3.22213
3.19983
3.15339
3.0802
3.06487
3.11471
3.08173
3.13447
3.13371
3.04721
3.10782
3.15564
3.20004
3.05203
3.03708
3.14725
2.99424
2.9738
3.0365
2.99721
2.89739
2.81679
2.80356
2.94622
3.09932
3.14146
3.05573
3.15065
3.09446
3.09752
3.01377
3.0394
2.87744
2.9141
2.88675
2.88996
2.72712
2.71453
2.85554
2.87945
2.78658
2.71192
2.67727
2.80388
2.70471
2.7896
2.92983
2.9912
3.04809
3.03949
3.03434
3.1007
3.30812
3.17344
3.08347
3.22734
3.18
3.11602
3.05148
3.13861
3.18903
3.18571
3.14444
3.13567
3.17454
3.19608
3.26688
3.25468
3.13894
3.14826
3.19371
3.30361
3.31882
3.26844
3.20048
3.23669
3.24358
3.10203
3.20721
3.18237
3.20034
3.16209
3.21763
3.23879
3.23263
3.23826
3.08721
3.00262
3.23944
3.09138
3.11926
3.11401
3.12052
3.23166
3.24494
3.18681
3.17784
3.27394
3.32358
3.24576
3.06443
3.21492
3.15564
3.15653
3.09292
3.02271
3.05909
3.19399
3.14988
3.29963
3.36864
3.40955
3.19844
3.17387
3.20253
3.32903
3.21845
3.18312
3.13522
3.07917
3.03053
2.96478
2.91204
3.01471
3.01665
3.09922
3.21038
3.15337
2.9652
2.92332
2.88668
2.81264
2.67992
2.81418
2.76786
2.79295
2.92304
3.00429
3.05282
3.08227
3.0608
2.99676
2.90627
2.97027
3.0087
3.02747
3.00248
2.96525
3.01917
2.95162
2.84632
2.83855
2.82027
2.74913
2.83234
2.94984
3.08685
3.14087
3.11741
3.23245
3.15272
3.05471
2.95376
3.1126
3.10787
3.04529
3.12611
3.15877
3.1481
3.20432
3.14798
3.28226
3.15824
2.97649
2.92084
2.92965
2.89366
2.91701
3.06923
3.05555
3.065
3.11965
3.17806
3.2622
3.31957
3.18641
3.37156
3.35093
3.27152
3.2665
3.33938
3.43506
3.39309
3.40649
3.4536
3.43406
3.39906
3.37779
3.43242
3.34986
3.231
3.27233
3.34943
3.30432
3.28475
3.10385
3.1716
3.16373
3.21993
3.2021
3.1753
3.358
3.27832
3.34441
3.12711
3.00352
3.08282
3.03079
3.0189
3.02089
2.93898
2.93053
2.91512
2.8761
2.92383
2.93368
3.00173
3.01952
2.98214
2.99007
2.97812
2.98275
2.95373
2.89913
2.93378
2.97719
3.13672
3.10037
3.10981
3.14065
3.16109
3.18407
3.28504
3.29171
3.25119
3.26257
3.16651
3.11184
3.12576
3.19332
3.31646
3.28611
3.26478
3.2011
3.28533
3.23793
3.10689
3.16649
3.14631
3.21
3.08099
2.94179
2.96562
2.8583
2.90793
2.96305
2.77878
2.96904
3.02594
3.04091
3.18357
3.05058
2.88882
2.96271
3.07827
3.31425
3.51652
3.45441
3.5011
3.46007
3.42163
3.26828
3.27754
3.17009
3.08298
2.99644
3.00786
2.97667
3.03331
3.09396
3.16879
3.17488
3.13358
3.01904
3.13855
3.06403
3.11382
3.09131
2.99929
3.15801
3.24578
3.03006
2.89288
2.98272
2.97338
3.11854
3.04009
2.98652
3.11241
3.15702
3.07003
3.23734
3.21273
3.31942
3.2904
3.17262
3.21268
3.32518
3.24336
3.37648
3.30904
3.28786
3.32485
3.34996
3.21734
3.23605
3.301
3.25122
3.18702
3.04345
3.05011
3.11798
3.06209
3.05939
2.95411
2.90236
2.86651
3.08553
3.09876
3.04161
3.06527
3.16862
3.13954
3.11701
3.14909
3.31692
3.31709
3.27741
3.16489
3.18192
3.18832
3.15933
3.10087
3.01863
2.98424
3.08997
3.12008
3.05695
3.10765
