           1    -7.54701    -7.54701           0
           2    -7.53899      -7.543  0.00400784
           3     -7.5549    -7.54697  0.00459292
           4    -7.55174    -7.54816  0.00345998
           5    -7.55811    -7.55015  0.00333783
           6     -7.5496    -7.55006  0.00272688
           7    -7.55517    -7.55079  0.00241767
           8     -7.5435    -7.54988   0.0022834
           9    -7.54255    -7.54906   0.0021722
          10    -7.56068    -7.55023  0.00226388
          11    -7.53558    -7.54889   0.0024427
          12    -7.55028    -7.54901  0.00223286
          13    -7.54715    -7.54887  0.00205889
          14    -7.55663    -7.54942  0.00198528
          15     -7.5721    -7.55093  0.00238765
          16    -7.55775    -7.55136  0.00227374
          17    -7.53484    -7.55039  0.00234641
          18    -7.54889     -7.5503  0.00221378
          19    -7.53367    -7.54943  0.00226962
          20    -7.55701    -7.54981  0.00218629
          21    -7.56307    -7.55044  0.00217339
          22     -7.5567    -7.55072   0.0020917
          23    -7.54811    -7.55061  0.00200192
          24    -7.53079    -7.54978   0.0020871
          25    -7.54025     -7.5494  0.00203784
          26    -7.55732    -7.54971  0.00198145
          27    -7.55743    -7.54999  0.00192797
          28    -7.53278    -7.54938  0.00195691
          29    -7.54447    -7.54921  0.00189581
          30    -7.54778    -7.54916  0.00183215
          31    -7.54863    -7.54914  0.00177215
          32    -7.52515    -7.54839  0.00187261
          33    -7.54265    -7.54822   0.0018233
          34    -7.54706    -7.54819  0.00176919
          35    -7.53315    -7.54776   0.0017708
          36    -7.54366    -7.54764  0.00172466
          37     -7.5415    -7.54748  0.00168561
          38    -7.56479    -7.54793  0.00170272
          39    -7.55537    -7.54812  0.00166943
          40    -7.54468    -7.54804  0.00162943
          41    -7.54757    -7.54803  0.00158924
          42    -7.55325    -7.54815  0.00155592
          43    -7.55664    -7.54835  0.00153207
          44    -7.54327    -7.54823  0.00150128
          45    -7.55336    -7.54835  0.00147195
          46     -7.5466    -7.54831  0.00144009
          47    -7.54739    -7.54829  0.00140925
          48    -7.54094    -7.54814  0.00138806
          49    -7.55653    -7.54831   0.0013702
          50    -7.55001    -7.54834  0.00134294
          51    -7.55298    -7.54843  0.00131949
          52     -7.5328    -7.54813  0.00132832
          53    -7.54308    -7.54804   0.0013065
          54    -7.54737    -7.54802  0.00128214
          55    -7.54493    -7.54797  0.00125987
          56    -7.55281    -7.54805  0.00124019
          57    -7.54116    -7.54793  0.00122423
          58    -7.53165    -7.54765  0.00123526
          59      -7.553    -7.54774  0.00121753
          60    -7.54916    -7.54777   0.0011973
          61    -7.54859    -7.54778  0.00117758
          62    -7.54383    -7.54772  0.00116019
          63    -7.55375    -7.54781  0.00114563
          64    -7.55708    -7.54796  0.00113686
          65    -7.56232    -7.54818  0.00114085
          66    -7.55818    -7.54833  0.00113361
          67    -7.53176    -7.54808  0.00114363
          68    -7.54188    -7.54799  0.00113037
          69    -7.55364    -7.54807  0.00111687
          70    -7.54193    -7.54799  0.00110429
          71    -7.52753     -7.5477  0.00112609
          72    -7.55401    -7.54778  0.00111379
          73    -7.55745    -7.54792  0.00110638
          74    -7.53747    -7.54778  0.00110042
          75    -7.54237     -7.5477  0.00108803
          76    -7.55693    -7.54783  0.00108047
          77    -7.54423    -7.54778  0.00106736
          78    -7.54082    -7.54769  0.00105736
          79    -7.55781    -7.54782  0.00105172
          80    -7.55718    -7.54793  0.00104506
          81     -7.5689    -7.54819  0.00106405
          82    -7.54818    -7.54819  0.00105099
          83     -7.5571     -7.5483  0.00104378
          84    -7.52545    -7.54803  0.00106657
          85    -7.53208    -7.54784  0.00107052
          86    -7.54914    -7.54786   0.0010581
          87    -7.52569     -7.5476  0.00107646
          88    -7.55603     -7.5477  0.00106847
          89     -7.5371    -7.54758  0.00106308
          90    -7.53805    -7.54747  0.00105652
          91    -7.56501    -7.54766  0.00106248
          92    -7.53734    -7.54755  0.00105684
          93    -7.54723    -7.54755  0.00104542
          94    -7.55683    -7.54765  0.00103894
          95    -7.52648    -7.54743  0.00105181
          96    -7.53353    -7.54728  0.00105081
          97    -7.55067    -7.54732  0.00104051
          98     -7.5632    -7.54748  0.00104252
          99    -7.53886    -7.54739  0.00103559
         100    -7.54923    -7.54741  0.00102535
