           1     3.11511     3.11511           0
           2     3.13276     3.12393  0.00882448
           3     3.10214     3.11667  0.00887346
           4     3.10777     3.11444  0.00665668
           5     3.09828     3.11121  0.00608547
           6     3.11193     3.11133  0.00497022
           7     3.10149     3.10992  0.00442986
           8     3.12212     3.11145  0.00412823
           9     3.12525     3.11298  0.00395048
          10     3.09351     3.11103  0.00403468
          11     3.13791     3.11348  0.00439182
          12     3.11074     3.11325  0.00401567
          13     3.11675     3.11352  0.00370368
          14     3.10044     3.11258  0.00355397
          15     3.07008     3.10975  0.00435631
          16     3.09639     3.10892  0.00415966
          17     3.13905     3.11069  0.00429062
          18     3.11527     3.11094  0.00405323
          19     3.14209     3.11258  0.00416984
          20     3.09972     3.11194  0.00400775
          21     3.08744     3.11077  0.00398663
          22     3.09964     3.11027  0.00383466
          23     3.11476     3.11046  0.00366936
          24      3.1462     3.11195  0.00381575
          25     3.13075      3.1127  0.00373638
          26     3.09857     3.11216   0.0036307
          27     3.09865     3.11166   0.0035293
          28     3.14347      3.1128  0.00358569
          29     3.12267     3.11314  0.00347655
          30     3.11453     3.11318  0.00335899
          31      3.1157     3.11326  0.00324984
          32     3.15758     3.11465  0.00343789
          33     3.12481     3.11496  0.00334628
          34     3.11741     3.11503  0.00324717
          35      3.1419      3.1158  0.00324515
          36     3.12342     3.11601  0.00316083
          37     3.12782     3.11633  0.00309076
          38      3.0842     3.11548  0.00312489
          39     3.10054      3.1151  0.00306775
          40     3.12053     3.11523  0.00299315
          41     3.11475     3.11522  0.00291926
          42      3.1057       3.115  0.00285791
          43     3.09816      3.1146  0.00281797
          44     3.12607     3.11486  0.00276549
          45     3.10573     3.11466  0.00271095
          46     3.11854     3.11475   0.0026527
          47      3.1171      3.1148  0.00259613
          48     3.12848     3.11508   0.0025574
          49     3.10034     3.11478  0.00252267
          50     3.11171     3.11472  0.00247247
          51     3.10575     3.11454  0.00242988
          52     3.14152     3.11506  0.00243851
          53     3.12321     3.11522  0.00239699
          54     3.11594     3.11523  0.00235222
          55     3.12145     3.11534  0.00231183
          56     3.10701     3.11519  0.00227505
          57     3.12684      3.1154   0.0022441
          58     3.14537     3.11591  0.00226481
          59     3.10676     3.11576  0.00223149
          60     3.11376     3.11573  0.00219423
          61     3.11405      3.1157  0.00215814
          62     3.12333     3.11582  0.00212661
          63     3.10434     3.11564   0.0021005
          64     3.09801     3.11536  0.00208568
          65     3.08825     3.11495  0.00209529
          66     3.09622     3.11466  0.00208273
          67     3.14553     3.11512  0.00210251
          68      3.1262     3.11529  0.00207776
          69     3.10431     3.11513   0.0020536
          70     3.12594     3.11528  0.00202993
          71     3.15369     3.11582  0.00207298
          72     3.10359     3.11565  0.00205104
          73     3.09759     3.11541  0.00203783
          74     3.13433     3.11566   0.0020263
          75     3.12378     3.11577  0.00200203
          76     3.09893     3.11555   0.0019879
          77     3.12184     3.11563  0.00196361
          78     3.12901      3.1158  0.00194585
          79     3.09692     3.11556  0.00193587
          80     3.09682     3.11533  0.00192582
          81      3.0753     3.11483  0.00196504
          82     3.11628     3.11485  0.00194101
          83     3.09739     3.11464  0.00192899
          84     3.15662     3.11514   0.0019703
          85     3.14583      3.1155  0.00198017
          86     3.11136     3.11545   0.0019576
          87     3.15664     3.11593  0.00199205
          88     3.10128     3.11576   0.0019763
          89     3.13584     3.11599  0.00196694
          90     3.13413     3.11619  0.00195538
          91     3.08366     3.11583  0.00196653
          92     3.13451     3.11603   0.0019556
          93     3.11653     3.11604  0.00193447
          94     3.10046     3.11587  0.00192094
          95     3.15449     3.11628   0.0019436
          96     3.14042     3.11653  0.00193962
          97     3.11042     3.11647  0.00192056
          98     3.08695     3.11617  0.00192458
          99     3.13193     3.11633  0.00191168
         100     3.11371      3.1163  0.00189265
