15.5637
14.9105
14.3027
13.828
13.0911
12.6588
12.5156
12.4304
12.2093
11.399
10.8507
10.5753
10.4488
10.2746
9.8294
9.47844
9.44044
9.24152
9.09712
9.12154
8.93346
9.20395
9.09504
8.94301
8.71751
8.74013
8.63045
8.53884
8.3214
8.30214
7.92156
7.87837
7.74865
7.8085
7.85818
7.55497
7.60415
7.65008
7.52566
7.57734
7.54753
7.58892
7.45818
7.31167
7.00283
6.92998
6.72717
6.5322
6.43383
6.50952
6.53522
6.42098
6.25726
6.0709
6.37028
6.41321
6.31554
6.43138
6.59939
6.5119
6.45462
6.50128
6.29816
6.39542
6.20509
6.31911
6.32843
6.42733
6.36244
6.55796
6.34239
6.28367
6.2843
6.40698
6.34294
6.39608
6.36209
6.37644
6.10988
6.01635
6.14149
6.03003
6.11213
6.27167
6.38842
6.1782
6.28514
6.38343
6.15693
6.09985
6.24938
6.3454
6.45713
6.27042
6.18759
6.28358
6.01781
5.8263
6.20868
6.00096
6.06676
5.9537
6.04865
6.31653
6.43694
6.49231
6.32987
6.34345
6.33314
6.34855
6.23769
6.20972
6.10215
6.01764
6.18742
6.12557
6.15871
6.46275
6.5031
6.45554
6.47418
6.31474
6.4937
6.67445
6.48805
6.32975
6.50572
6.37744
6.51627
6.5692
6.56797
6.26873
6.15271
6.11033
5.93506
5.93591
5.97436
6.14315
6.36377
6.19299
6.30169
6.20281
6.35858
6.20357
6.33866
5.99555
6.21181
6.17015
6.23474
6.28188
6.32426
6.46269
6.09835
6.21251
6.0445
5.9823
5.96652
6.0491
6.07076
6.09837
6.2577
6.23031
6.22602
6.21486
6.3196
6.25072
6.1225
6.25082
6.17839
6.20968
6.24941
6.29842
6.33625
6.47689
6.27087
6.2372
6.15593
6.17825
6.26271
6.44781
6.25039
6.44304
6.23623
6.44969
6.21923
6.29457
6.30392
6.31823
6.08399
6.09811
6.0655
6.21897
6.06486
6.17377
6.22694
6.21237
6.17791
6.00462
6.02395
6.10525
6.05524
5.92195
5.88526
6.22452
6.33306
6.33055
6.35616
6.32657
6.33168
6.29298
6.17129
6.11942
6.17383
6.13422
5.91525
5.96836
6.12621
6.21376
6.02227
5.97989
6.23904
6.30125
6.2139
6.09429
6.19787
6.20824
6.1352
5.95389
6.04751
5.91091
5.83448
6.01415
6.02139
6.05186
6.07063
6.18246
5.90236
6.0842
6.21478
6.23464
6.05585
6.07237
6.04779
6.21466
6.34068
6.26145
6.18827
5.96728
6.08245
6.12129
6.06458
6.13735
6.06453
6.18454
6.21372
6.08779
5.97746
5.99936
6.23224
6.24364
6.24554
6.19073
6.1838
6.22147
6.17933
6.26193
5.98328
5.96352
6.14937
6.10525
5.99512
5.93261
5.96813
5.93003
5.96652
5.96396
5.97165
5.98202
5.78202
5.80357
5.91279
5.73725
5.95921
5.94881
5.97365
5.97247
5.91154
5.91955
5.89
5.66475
5.62702
5.80407
5.96345
6.04671
5.9123
6.12413
6.04182
6.33967
6.2769
5.90797
6.06483
6.06586
6.09674
6.00389
5.82455
5.96166
6.07005
6.2012
6.3297
6.21481
6.05928
5.89748
5.83157
5.80811
5.95841
6.05477
6.32396
6.09107
5.9878
5.98989
6.1423
6.20375
6.1817
5.85064
5.83251
5.94627
5.97231
6.17632
6.01367
6.0433
5.97829
5.91261
6.06002
6.10018
6.13226
6.05892
5.85034
5.90818
6.02918
6.01501
5.86076
5.62144
5.63605
6.04819
6.18829
6.00854
6.29087
6.42712
6.38711
6.07714
6.00508
6.18012
6.04028
6.1436
6.03517
5.91034
6.29014
5.93872
6.02898
5.92479
5.92619
5.91944
5.8844
5.85513
5.98535
5.82885
6.07099
5.96623
5.97548
6.1249
5.92995
6.04408
6.27093
6.32442
6.13726
5.98176
5.90065
6.17255
6.02283
6.09184
6.25393
6.40323
6.13663
6.18339
6.17666
6.08661
6.10782
5.85931
5.89692
5.96972
5.7855
5.74379
5.68308
6.05767
5.87075
5.75638
5.82343
5.83216
6.09042
5.97849
5.90663
5.94351
6.11073
6.01983
6.13009
6.24579
5.88086
6.05267
6.1391
6.18385
6.07477
6.15047
6.07327
6.00215
5.97267
6.08789
5.92689
6.08058
5.89365
5.9068
5.88073
5.8595
5.85809
5.83533
5.73485
5.78549
5.90333
5.78572
5.8107
5.99974
6.19964
6.17348
6.15282
6.07706
5.86278
5.86169
5.87038
5.65367
5.70422
5.85519
5.97247
5.85455
5.66176
5.66402
5.73472
6.07263
6.01919
5.84402
5.72865
5.70059
5.93878
6.24557
6.1878
6.07913
6.05345
6.09457
6.19875
6.0381
6.20405
6.2615
6.09202
6.06311
6.07822
6.16956
5.78204
5.8644
5.94345
6.03819
5.90734
5.97854
5.99443
6.02809
6.36908
6.03131
6.14662
6.16617
6.00436
5.79782
5.85857
5.79117
6.06917
6.14362
6.26051
6.14681
6.0832
6.03506
6.09533
6.26491
6.21451
6.13863
6.02027
6.09868
5.92945
5.97873
6.17296
6.48389
5.88588
6.15681
6.11015
5.90395
