15.5364
14.8829
14.15
13.1459
12.6339
12.2977
11.8962
11.8351
11.5021
11.3885
11.2532
10.8805
10.453
10.2865
10.3644
9.76538
9.60145
9.46096
9.26302
9.25579
8.94442
8.89284
8.77246
8.72725
8.71131
8.56882
8.66161
8.6118
8.5087
8.30997
8.21868
8.1397
7.91778
7.91532
7.8928
7.85946
7.79726
7.78146
7.7705
7.53766
7.45503
7.53704
7.50558
7.3632
7.39888
7.41901
7.3066
7.22639
7.10867
7.20446
6.95048
6.92784
6.9551
6.8756
6.97324
6.90975
6.85931
6.92933
7.12511
6.99006
6.92834
6.81907
6.87776
6.95654
6.98062
6.91841
6.9263
6.9613
7.0189
6.79726
6.65614
6.58127
6.517
6.42949
6.28232
6.74319
6.73301
6.6861
6.73335
6.58709
6.65622
6.34034
6.32067
6.18414
6.27913
6.409
6.29866
6.17996
6.30144
6.3531
6.28801
6.1965
6.44789
5.97575
5.93817
5.97536
6.08693
6.42235
6.31806
6.20322
6.15714
6.0761
6.18281
6.29102
5.98826
5.9494
5.9124
6.102
6.09767
6.09909
5.97513
5.97242
5.926
5.96335
6.0354
6.23796
6.4807
6.28615
6.15286
6.2034
5.93126
6.10361
5.97279
5.95584
5.8728
6.0141
5.98747
5.96964
6.12143
6.15083
6.02613
6.10166
5.97544
5.85745
5.93696
6.0244
6.00897
5.97834
5.94305
6.03823
5.92264
5.79572
5.87996
5.98836
6.23157
5.99582
6.02873
6.11615
6.12729
5.85151
6.04448
6.01404
6.0495
6.06453
6.09822
6.20953
6.11162
5.9372
6.03928
6.04524
6.08892
6.07481
6.00292
6.148
6.40466
6.31633
6.29343
6.35173
6.20987
6.22352
6.276
6.20107
6.01177
5.94076
6.1058
6.1857
6.16703
6.13714
6.07025
6.45159
6.26101
6.09267
6.13332
6.05128
6.12058
6.13702
6.10408
6.10312
6.10489
6.1635
6.25241
6.21404
6.13914
6.02007
6.07553
6.20091
6.1074
6.02095
6.13848
6.11914
6.04825
6.26397
6.04286
6.00735
6.08727
6.31733
6.42224
6.3428
6.37033
6.46526
6.40892
6.56338
6.21534
6.21106
6.31035
6.6481
6.33628
6.21943
6.25276
6.05729
6.33043
6.25227
6.23469
6.08287
5.96651
6.22809
6.07546
6.00335
6.043
6.11152
6.3015
6.24181
6.08389
5.92001
5.74469
6.23955
6.35572
6.17157
6.27399
6.04699
5.854
6.07382
6.07139
6.00781
5.88969
5.9222
5.79842
5.97201
5.85821
5.8658
5.87166
5.9235
6.08791
6.20323
6.18988
5.86657
5.67589
5.64345
5.79557
5.77816
5.89627
5.98916
5.9091
6.10031
6.08157
6.01927
5.9407
5.91193
6.07664
6.09728
6.00699
6.07937
6.12839
6.06073
5.95523
6.26125
6.40448
6.2866
6.20594
6.38704
6.16139
6.12386
5.94409
6.0309
6.12018
6.09451
6.37168
6.22681
6.3198
6.21504
6.0228
6.16026
5.89448
6.12209
5.91344
6.05801
5.89363
6.214
6.00337
5.8277
6.2057
6.14824
6.07361
6.02571
6.1986
6.44318
6.25509
6.10575
5.9667
5.94267
5.93126
5.78005
5.99989
6.08232
6.27609
6.04122
5.98623
5.97984
6.05307
6.18347
6.25427
6.19689
6.24328
6.19053
6.27689
6.27478
6.18705
6.14736
5.9032
6.13559
5.96771
5.8529
5.91254
6.14409
6.11572
6.06515
5.75775
5.82954
5.84835
5.94462
5.9947
5.90103
5.9902
5.949
6.0057
6.08223
6.08879
6.17333
6.18743
6.02329
6.01524
5.52112
5.77179
5.76513
6.10079
5.84948
5.96891
6.20771
5.94145
5.9292
6.05666
6.17379
5.74396
5.87684
6.11293
6.02015
5.91855
5.97459
6.04618
6.21242
6.106
6.09391
6.02151
6.02193
6.07286
6.0932
6.13452
6.12902
6.14928
6.60062
6.25516
6.24174
6.12486
6.03381
6.28982
6.34678
6.27254
6.25505
6.27068
6.2702
6.37691
6.22013
6.19985
6.27008
6.20984
6.31391
6.14182
6.32035
6.39696
6.37531
6.21307
6.19328
5.93739
5.96813
6.02124
6.2207
5.83581
5.95657
5.97302
5.88849
5.84627
5.84466
5.92631
5.93262
5.89032
6.0002
6.19483
5.84741
5.82688
6.13698
6.00981
5.95013
5.95062
6.10125
6.23337
6.10007
6.05905
6.00183
6.00674
6.18906
6.14544
6.04064
6.08391
6.12018
6.00788
6.1541
6.47037
6.21589
6.26332
6.16004
6.2606
6.09741
6.36819
6.23925
6.42557
6.20377
5.99653
6.2823
6.32455
6.40374
6.40557
6.22172
5.94457
5.83726
5.99169
6.09429
6.18313
6.10889
6.03778
6.09763
6.03407
5.95703
5.95203
5.86335
5.94351
6.03901
6.0527
6.0252
5.99046
6.0094
5.99241
5.93457
6.07801
6.02498
5.82982
5.83332
5.92394
6.19125
6.11345
6.07322
6.01831
6.14689
6.11392
6.02817
5.89405
5.77025
5.85151
5.98226
5.90776
6.04296
6.28178
6.43234
6.10836
5.84273
5.95493
6.07053
6.31162
6.02909
5.99702
6.09377
