15.4389
14.6888
14.1072
13.3872
12.8453
12.4657
12.2537
11.9393
11.7308
11.7573
11.3313
11.1648
11.0833
11.0796
10.8011
10.6626
10.4127
10.0612
9.87402
9.62607
9.28573
9.04105
8.82468
8.79406
8.71983
8.47571
8.3943
8.28971
8.2315
8.23579
8.2117
8.22671
8.19054
8.28965
8.11964
8.07501
8.11947
7.95593
7.80051
7.74102
7.75206
7.57531
7.6168
7.85738
7.66685
7.57978
7.62524
7.58559
7.58352
7.58415
7.70225
7.82475
7.75171
7.60116
7.25639
7.07029
7.02356
7.00663
7.0857
7.03774
7.00021
6.97267
6.95305
6.98252
7.03063
6.88175
6.98573
7.00964
7.01996
7.00847
7.04973
7.05206
7.23871
7.1784
7.27126
6.82767
6.67548
6.6519
6.76502
6.55296
6.59889
6.8116
6.30655
6.24297
6.39752
6.31544
6.43451
6.22436
6.24409
6.2422
6.1844
6.3503
6.33906
6.29352
6.02776
6.06069
5.98479
6.11108
6.04768
5.89467
6.11819
6.05916
6.06865
6.23957
6.15089
5.95336
5.93924
6.07036
6.26362
6.20232
6.22925
6.24669
6.18221
6.00799
6.10181
6.13793
6.08754
6.20082
6.07154
6.26003
6.15857
6.17916
6.21682
6.49436
6.30028
6.32283
6.19732
6.42105
6.07492
6.10183
5.90629
6.03624
6.14306
6.22016
6.01026
6.17222
6.31011
6.15317
6.09457
6.11484
5.97814
6.40421
6.21134
6.18622
6.19723
6.15214
6.10787
6.18484
6.10257
6.13442
6.07825
6.08528
6.05254
6.06248
5.86745
6.15035
6.13879
6.13443
6.05461
6.06697
6.05759
6.10146
5.98367
6.08991
5.96494
5.96494
5.80397
5.8009
6.13623
6.03003
6.03709
6.10517
6.08436
6.22969
6.40243
6.19871
6.25998
6.20961
6.16886
5.79689
5.87696
5.89182
6.19529
5.98381
6.17837
6.19153
5.95062
6.1079
6.1623
6.24827
6.25133
6.16905
6.28389
6.20854
6.26226
6.23385
5.98195
6.00503
6.12098
5.86439
6.01231
5.99301
6.16701
5.93956
5.79093
5.9017
6.00937
6.14785
6.25439
6.10835
6.20897
6.21783
5.98893
6.15341
5.90479
6.15227
6.13058
5.9898
6.1469
6.03749
6.20044
6.10793
5.99116
6.15841
6.42693
6.316
6.28043
6.36019
6.46105
6.31114
6.47242
6.36701
6.28218
6.17092
6.57917
6.39771
6.32203
6.4759
6.45258
6.19433
6.33112
6.37665
6.2954
6.18276
6.02723
6.23249
6.21032
5.96913
6.17109
6.05115
6.05606
6.45386
6.37062
6.2429
6.44468
5.99963
6.11078
6.08526
6.13939
6.25998
6.31542
6.34992
6.37685
6.35916
6.29971
6.28475
6.40754
6.13938
6.14137
6.20869
6.09167
6.13051
6.37735
6.39419
6.25282
6.07481
6.20694
6.09333
6.20038
6.40057
6.1178
6.24714
6.16807
6.11643
6.1799
6.00291
5.97273
6.09128
6.15357
6.2201
6.19712
6.16196
6.17518
6.09348
6.29105
6.39538
6.23625
6.23193
6.16616
6.18747
6.17728
6.19434
6.19825
6.01569
5.82272
5.98915
5.83319
6.26965
6.07085
5.89349
5.91702
6.04219
6.28038
6.17074
6.31821
6.17325
6.17383
6.23626
6.10452
6.10088
6.19315
6.1246
5.906
6.11993
6.41749
6.26801
6.06317
6.25793
6.27865
6.20356
6.22513
5.88782
5.93849
6.00636
5.90484
5.69106
5.99939
6.16656
6.34992
6.18338
5.97555
6.16641
6.03671
6.10085
5.96465
5.99745
5.89638
5.95477
6.12536
5.94973
6.02081
6.20026
6.079
6.03236
6.01839
6.1191
5.98045
6.079
6.26695
6.11575
6.16702
6.02975
6.00566
6.01723
6.06829
6.00117
5.89155
6.21504
6.13685
6.23722
6.07171
5.90931
5.98421
6.15129
6.38565
6.31838
6.23511
6.03254
6.15159
6.25327
6.15301
5.9657
6.19154
5.98188
6.06446
5.7854
6.05757
5.84053
5.92115
5.92633
6.01462
5.82178
5.91439
5.82277
5.85558
5.92345
5.85697
5.9167
6.04325
5.7823
5.7635
5.83181
6.01119
6.04811
6.1956
6.19812
6.09943
6.05945
5.86908
5.95156
5.9422
5.79712
5.98851
6.18085
6.02432
5.87409
5.84896
5.72371
5.88959
5.88348
5.79555
5.72489
5.94097
6.17231
6.25212
6.20523
5.95218
5.74589
5.72535
5.76081
5.85203
5.90625
5.82684
6.04979
6.02355
6.02079
5.75881
6.06366
5.91747
5.87493
5.92081
6.0092
5.95242
5.69445
5.7858
5.6275
5.77059
5.68497
5.66426
5.80101
6.10208
6.24725
6.23343
6.20184
6.18309
6.26971
6.15475
6.58999
6.38007
6.11211
6.09511
6.06946
5.97698
6.10999
6.20496
6.19091
6.22968
6.25652
6.14229
6.04305
5.99287
6.07364
6.21085
6.15116
6.05866
6.07085
6.13811
6.05116
6.06441
5.97391
5.98604
5.95031
5.93136
6.06066
6.06553
5.93202
5.907
6.01592
5.86278
6.05673
5.85332
5.86536
6.25719
5.94089
6.1083
6.02007
6.12157
6.10767
6.13997
5.91935
