15.4414
14.9027
14.2225
13.5267
12.931
12.4233
11.9853
11.5193
11.3332
11.1934
10.875
10.5258
10.249
10.1801
10.0951
9.92872
9.75075
9.53154
9.25832
9.13275
8.96497
8.99593
8.81963
8.86818
8.84503
8.84844
8.78561
8.72752
8.60693
8.58889
8.51739
8.66685
8.5795
8.50601
8.49873
8.39621
8.37945
8.23968
8.09549
7.89439
8.04108
7.98668
7.8613
7.80917
7.55858
7.72274
7.62729
7.79123
7.78821
7.40883
7.45183
7.59919
7.43142
7.58401
7.5123
7.54597
7.39831
7.35776
7.40447
7.49975
7.3454
7.21874
7.05341
6.69291
6.51695
6.50067
6.4962
6.49183
6.45456
6.72499
6.58794
6.45147
6.48638
6.63001
6.67717
6.68901
6.54468
6.51559
6.61609
6.5365
6.63081
6.77965
6.28884
6.37459
6.23069
6.35584
6.39564
6.48165
6.60149
6.53969
6.73508
6.31378
6.36912
6.23405
6.42498
6.22781
6.1683
6.28584
6.60688
6.56507
6.63493
6.59264
6.47508
6.52048
6.48535
6.62903
6.48116
6.44959
6.46417
6.40382
6.53783
6.33025
6.14804
6.28397
6.01866
6.04989
6.25268
6.24749
6.21206
6.18005
6.23907
6.07052
6.04331
6.13883
6.20171
6.19313
6.16709
6.32519
6.32784
6.09558
6.25636
6.25027
6.11083
6.24143
6.23563
6.14209
6.11484
6.38847
6.38836
6.49923
6.36274
6.47873
6.3521
6.47908
6.12724
6.23363
6.45331
6.30056
5.96843
6.0174
6.54523
6.54314
6.68539
6.73824
6.53226
6.66519
6.41274
6.48938
6.54765
6.78164
6.70516
6.70467
6.52786
6.45249
6.49458
6.50604
6.65986
6.41428
6.27562
6.26698
6.46097
6.53091
6.41822
6.36208
6.11131
6.29251
6.26969
6.09047
6.0086
6.21944
6.15449
6.43697
6.44681
6.47731
6.32319
6.43087
6.34744
6.40599
6.49833
6.34402
6.43729
6.29602
6.19699
6.16542
6.22358
6.10754
6.08385
6.29883
6.32169
6.5208
6.51335
6.54529
6.65698
6.53735
6.67836
6.355
6.4636
6.49023
6.40964
6.18661
6.27313
6.3168
6.28731
6.1575
6.18591
6.25154
6.14457
6.43788
6.35744
6.52086
6.34372
6.26392
6.41128
6.24014
6.37111
5.86235
6.07275
6.02931
5.90781
5.81454
5.62337
5.62652
6.01238
5.65663
6.12392
6.031
5.79382
5.80856
5.72166
5.62373
5.63273
5.64821
5.74285
5.85347
5.91321
5.69694
5.60177
5.88615
6.05959
6.0433
6.06902
6.35544
6.10009
6.18513
6.08074
6.17186
6.14598
6.46199
6.05922
6.42291
6.23812
6.22733
5.99451
6.47613
6.42057
6.4078
6.25047
5.93161
5.97131
6.05198
5.97838
6.19467
6.0824
5.86301
5.75499
5.83796
6.02228
5.93475
5.76949
5.96674
6.05406
6.00882
6.11288
5.86695
6.01156
5.89794
6.05309
6.24826
6.10061
6.12966
5.98585
6.03097
6.15448
6.04975
6.09329
6.04839
6.02953
6.1634
6.10825
5.93999
5.85256
6.05704
6.16322
6.29848
6.22308
6.065
6.14699
6.14893
6.13457
6.16593
6.38682
6.24218
6.35309
6.25701
6.10751
6.2286
6.07817
5.89903
6.00114
5.85977
5.94462
5.8329
5.94164
5.9951
6.2304
6.31516
6.08384
6.22762
6.25255
6.30849
6.32883
6.27625
6.13323
6.03396
6.40408
6.39486
6.27871
6.25075
6.21144
6.48513
6.33688
6.04023
6.21457
6.15198
6.17576
6.06761
6.18512
6.02967
5.91447
5.65173
5.70143
6.08786
6.17594
6.24853
6.05975
6.01489
6.00554
6.23063
6.12921
6.2648
6.08929
6.07626
6.11768
6.01526
5.88603
6.11326
6.28075
6.10475
6.20565
6.21582
6.45893
6.16643
6.0988
6.09098
6.08462
6.40158
6.31808
6.31224
6.11914
5.94132
6.12974
6.25903
6.27844
6.29368
6.2309
6.38564
6.27794
6.31253
6.48207
6.37798
6.28929
6.38534
6.35294
6.10158
6.15167
6.19935
6.1112
6.20764
6.05075
6.11192
6.22772
6.29137
6.07409
6.12321
6.16394
6.1748
6.03221
5.87971
6.07065
6.05829
6.13112
5.96457
6.03013
5.97612
5.98247
6.01411
5.9236
5.84014
5.88941
6.02359
6.22352
6.10028
6.03631
5.8894
5.99109
5.97248
6.23909
6.08214
6.28923
6.11801
6.06002
6.16166
6.07473
6.00018
6.17778
5.96205
5.95812
6.09803
5.99422
6.04561
5.71429
5.89249
6.06333
5.91831
5.8589
6.07022
6.29277
6.35124
6.29976
6.32835
6.36903
6.26138
6.16804
6.1736
6.13308
6.06305
6.1622
6.10759
6.10911
6.09847
6.01142
6.07977
6.05539
5.99569
6.03057
6.05807
6.07505
6.54408
6.01466
6.22864
6.53914
6.22998
5.86458
6.05943
5.90618
6.02755
5.79449
5.8648
5.85112
5.81948
5.77547
5.8235
5.84052
5.94711
6.14254
6.07849
6.10026
6.18167
5.92391
6.17728
6.27784
5.97026
6.11532
5.96567
6.07932
5.98151
5.81629
5.54917
5.89036
5.91422
