15.4595
14.626
13.9516
13.6373
12.5972
11.604
10.9816
10.4943
10.1757
9.54059
9.30212
9.03903
8.92645
8.72314
8.94264
8.90508
8.76617
8.63364
8.68555
8.62704
8.54368
8.40042
8.52953
8.22417
8.35402
8.29524
8.14326
8.0733
8.05739
8.17012
7.98461
7.939
7.84624
7.91066
7.89991
8.0331
7.87724
7.67327
7.71118
7.96153
7.94435
7.65721
7.35662
7.17973
7.0383
7.14322
7.15511
7.09935
7.10565
7.1479
7.31906
7.13129
7.17117
7.13646
6.96855
6.89402
6.68814
6.51405
6.61986
6.67296
6.86264
6.92888
6.8273
6.7353
6.88277
6.98213
6.96504
6.76172
6.75244
6.69448
6.51086
6.22289
6.25031
6.35911
6.46659
6.89307
6.90332
7.07144
6.95034
6.88644
7.02696
6.99412
7.06181
6.76965
6.94022
6.91339
6.95716
6.91391
6.96576
6.83978
6.95941
7.11087
7.15219
6.96851
7.00347
6.94529
6.84941
6.87591
6.65807
6.7476
6.52543
6.50945
6.72741
6.53259
6.50131
6.74291
6.73585
6.61748
6.56962
6.80143
6.96458
6.77824
6.61342
6.42687
6.32081
6.67522
6.66792
6.4122
6.46925
6.64328
6.62269
6.56657
6.55703
6.31423
6.2424
6.342
6.43733
6.35867
6.35966
6.21908
6.42636
6.31234
6.40886
6.2783
6.27208
6.45182
6.62597
6.55885
6.37245
6.28799
6.39461
6.38549
6.55847
6.40784
6.4476
6.7408
6.56692
6.39752
6.53123
6.46924
6.26865
6.12617
6.09181
6.11672
6.16594
6.23737
6.27324
6.26924
6.31414
6.34959
6.16919
6.05784
6.09623
6.201
6.17148
6.03207
6.24915
6.08891
6.01469
6.1301
6.22078
5.96999
6.04399
6.04437
6.04921
6.21842
6.07353
6.13629
6.18098
6.27107
6.26074
6.04377
6.08985
5.91015
6.01262
6.13042
6.05914
6.08328
6.08867
6.12349
6.10658
6.31047
6.23036
6.52752
6.51396
6.34836
6.15563
6.18953
5.95731
5.98861
6.08273
5.90411
5.96555
6.16485
6.19352
6.14536
6.2741
6.16344
6.08103
6.1956
5.93759
6.12493
6.15327
6.25384
6.10228
6.02455
6.1389
6.02272
5.96132
6.15408
5.89235
6.12711
6.00503
6.04561
6.11935
6.04686
5.89668
6.30272
6.07746
6.10011
6.07006
6.05607
5.93759
6.05295
5.91807
6.00069
5.915
5.96818
5.90765
5.95647
6.01209
6.08759
5.94111
5.80682
5.81013
5.84935
5.89561
5.80617
5.99977
6.23686
5.96491
5.88969
5.82898
5.82568
5.61014
5.60669
5.79601
5.74414
5.63967
5.64572
5.63528
5.71359
5.88658
5.98833
6.08375
5.92269
5.67099
5.92835
5.96978
5.94218
5.93707
5.98397
6.12018
6.16322
6.31159
6.18844
6.1626
6.16252
6.33018
5.96325
5.85617
5.82381
6.00264
5.85432
5.96047
6.18852
6.05399
6.00118
6.05185
6.08054
6.15948
5.90024
5.78624
5.84063
6.02154
5.97776
5.86276
5.86869
6.1397
6.17406
6.44806
6.08849
6.09894
6.02351
6.12711
6.11479
6.10802
6.10293
6.16297
6.16077
6.06488
6.09068
5.97969
5.85344
5.9283
6.11088
5.99877
5.99048
6.25889
6.04311
6.01306
5.95697
6.0261
5.99634
5.94088
6.01383
5.92993
5.99382
5.88921
5.86828
6.22849
6.22344
6.14289
6.31476
6.02592
6.09819
6.17181
6.10843
6.09008
5.99229
5.86956
5.91317
5.89666
6.08401
5.94955
6.02444
5.82864
5.85099
5.98276
5.8712
5.94293
5.8593
5.61649
6.04168
5.87901
5.82808
6.13889
6.2034
6.08408
6.11744
6.18511
5.95345
5.99702
6.08093
6.10591
6.06006
6.06303
5.9389
6.04501
5.97696
5.93914
5.81303
5.76629
6.04567
6.0153
5.9619
5.77344
6.18163
5.98247
5.89089
6.00254
6.05104
5.98346
6.05889
5.92302
5.91116
5.87121
5.79792
5.95194
6.06628
6.00651
5.89903
5.8228
6.14178
6.23891
6.21055
5.95556
5.80923
5.92841
5.80621
5.97141
5.76911
5.84558
5.7675
5.82102
5.77937
5.99511
5.95013
5.81474
5.84931
5.75921
5.90472
5.9029
5.99322
5.90282
6.16319
6.10035
5.8729
5.92163
6.22451
6.07317
5.9778
6.21208
6.05155
6.02519
5.9579
5.94267
5.8757
5.78303
5.9184
5.74041
5.97693
6.00191
5.89522
6.24852
6.10485
6.26117
6.09601
5.85112
5.95725
5.92792
5.9534
5.7325
6.0865
6.0086
6.01742
5.8024
6.20073
6.27288
6.06135
6.23641
6.37802
6.38524
6.20607
6.15212
6.00281
5.84651
6.1845
6.07229
6.0596
6.00418
5.96332
6.0697
6.09273
6.12032
6.12142
6.21011
6.10594
5.96204
6.14786
6.38223
6.04942
5.96669
5.9306
6.21238
5.94503
6.08109
6.05329
6.34151
6.11866
6.06283
6.09866
5.90199
5.9526
5.98002
6.09326
6.0026
6.06558
6.10986
6.16274
6.1881
6.22724
5.95507
5.87672
5.86209
6.01381
6.0062
5.82096
5.8987
5.98795
