15.6098
14.6599
14.0044
13.1511
12.6177
12.1921
11.8009
11.4861
11.1531
10.8762
10.5982
10.5766
10.3354
10.2359
9.98632
9.78654
9.65938
9.7172
9.59581
9.45317
9.25092
9.12021
9.22925
8.86084
8.5545
8.48323
8.37249
8.34578
8.41455
8.36449
8.17288
8.0477
8.0688
8.11268
8.03503
8.06617
8.02042
7.97797
7.4886
7.2386
7.11492
7.03404
7.14961
7.18485
7.21005
7.23217
7.19946
7.27127
7.14625
7.10196
6.71291
6.70202
6.88296
6.87793
7.01377
6.98498
6.76871
6.91018
6.99835
6.76558
6.64529
6.78188
6.59088
6.71628
6.7464
6.94942
7.06329
6.83779
6.99018
6.65481
6.65751
6.75503
6.81254
6.65821
6.69537
6.65444
6.50826
6.42367
6.36156
6.18595
6.29269
6.49808
6.4695
6.44705
6.25416
6.09872
6.27787
6.28757
6.18765
6.09783
6.09526
6.23884
6.07884
6.22597
6.09653
6.08143
6.13565
6.36232
6.24346
6.40876
6.4108
6.28902
6.26691
6.27475
6.54457
6.32287
6.27216
6.28413
6.15239
6.14498
6.18841
6.18599
6.12582
6.1846
6.0888
5.98323
6.02473
6.01569
6.12417
6.08246
5.9734
6.2695
6.14751
6.31098
6.33363
6.20344
6.01075
6.05604
6.27624
6.13716
6.22039
6.31548
6.46839
6.69118
6.52274
6.49477
6.45437
6.46952
6.38344
6.40026
6.6038
6.40574
6.37728
6.41034
6.24755
6.50103
6.3567
6.45825
6.4372
6.32377
6.15886
6.15701
6.35943
6.12812
6.11497
5.9872
6.0053
6.27566
6.18766
5.89671
6.11641
6.13021
6.13617
6.13426
5.98281
5.77099
5.66864
5.84675
6.18073
6.10633
6.10388
6.04382
6.01309
5.77317
5.88464
5.67313
5.74707
5.82932
5.94134
5.83763
5.77682
5.7328
5.88354
5.84666
5.95535
5.93232
5.98319
5.72977
5.84558
5.91872
5.99929
6.04334
6.09444
6.01729
6.04555
6.21151
6.06793
6.18531
6.11666
6.1199
5.9963
6.06773
6.1287
6.17548
6.03723
6.02871
6.0097
5.99835
5.98397
5.69705
5.77036
6.13262
5.94749
5.97986
5.88424
5.96814
5.95019
6.0981
6.17053
6.49958
6.07451
5.75874
6.03063
5.95566
5.89335
6.00998
5.90004
6.23353
6.26951
6.33678
6.11022
5.92976
6.15544
6.16315
6.08558
6.21707
6.15181
6.1792
6.30013
6.26231
6.46702
6.26361
6.24772
6.22178
6.0288
6.15687
6.09579
6.10489
5.99007
5.9719
6.02928
6.3289
6.14181
6.22359
6.21521
6.06137
6.12471
6.07954
5.93975
5.83094
5.77051
5.88872
5.88298
6.00663
6.10071
6.18386
6.02255
6.05291
6.11913
6.20862
6.13852
6.11621
5.96436
5.95425
5.88236
5.95532
6.04211
6.04152
6.1125
6.19114
6.16328
6.09711
6.28972
6.29261
6.51621
6.45288
6.1165
6.16052
6.20265
6.34964
6.10375
6.16467
6.17792
5.96681
6.15756
6.39063
6.34897
6.00604
6.1983
6.32946
6.36778
6.15502
6.12574
6.13766
5.9266
6.01872
6.17073
6.02235
6.04589
6.09041
6.14188
6.2309
6.25605
5.98632
6.00028
5.93464
5.809
6.34458
6.18165
5.86223
5.98235
5.96128
6.10078
5.91016
6.26689
6.1036
6.14283
6.27871
5.95611
6.15553
6.05853
6.33085
6.43457
6.29708
6.0796
6.14819
5.9791
5.84929
5.70248
5.81616
5.79121
6.01097
5.95756
5.82523
5.96064
6.0412
5.94572
5.75047
5.73053
5.61168
5.7281
5.75091
5.82606
5.6339
5.9031
5.89406
5.80864
5.71641
5.78763
6.06803
5.83909
5.71984
5.84938
5.85466
6.19745
6.25313
6.01823
5.65353
5.62883
5.77633
5.78161
5.7272
5.76809
5.80172
5.78006
6.13929
6.25184
6.19063
5.9161
6.16404
6.21656
6.16952
5.87824
6.04123
6.11549
6.12457
5.89367
6.10002
6.1874
6.29026
6.5226
6.29238
6.11884
6.04609
5.94628
6.22843
6.23697
6.20519
5.98496
6.06815
6.08623
6.047
6.37068
6.43921
6.0861
6.19665
6.25477
6.11024
6.12916
6.24191
6.01405
6.04194
6.00627
5.92443
6.09023
5.93687
6.14129
6.18552
6.51555
6.41172
6.4796
6.48974
6.31151
6.51878
6.6389
6.03995
6.12892
6.41712
6.16225
6.28343
6.39229
6.57304
6.49528
6.27231
6.16885
6.50634
6.58667
6.16773
6.35171
6.41218
6.26246
6.27902
6.4486
6.28034
6.18299
6.39882
6.27211
6.45513
6.29123
6.13547
6.16123
6.16254
5.91087
5.98113
6.07679
6.43768
6.21182
6.26451
5.92729
6.09212
6.04398
6.16303
6.25534
6.23553
5.92966
6.02264
6.11327
5.85052
5.81521
5.7075
5.89471
5.98458
5.97547
6.00222
5.84044
6.02283
6.12959
6.09814
6.04672
6.06602
5.67244
5.90972
6.00327
5.89406
5.93154
5.86943
5.90636
5.86805
5.85784
6.12958
6.10348
6.10727
6.09582
6.04324
6.0739
6.26609
6.12591
5.97944
6.21186
6.34394
