14.0851
13.2514
12.5442
11.9155
11.2691
11.2539
10.707
10.5241
10.3328
9.84248
9.55247
9.4647
9.38369
9.38369
9.38369
8.76338
8.37475
8.37475
8.2476
8.2476
8.16441
8.16441
8.16441
8.16441
8.16441
8.16441
8.05651
8.05651
7.96278
7.79414
7.79414
7.79414
7.56286
7.56286
7.56286
7.56286
7.12637
7.12637
6.79932
6.79932
6.79932
6.79932
6.72482
6.72482
6.64621
6.64621
6.53382
6.53382
6.53382
6.53382
6.53346
6.53346
6.53346
6.53346
6.53346
6.53346
6.53346
6.42056
6.42056
6.03954
6.03954
5.98657
5.54137
5.54137
5.525
5.525
5.525
5.525
5.47023
5.47023
5.47023
5.47023
5.47023
5.47023
5.47023
5.34937
5.34937
5.34937
5.34937
5.34937
5.32061
5.26879
5.26879
5.26879
5.26879
5.26879
5.26879
5.26879
5.26879
5.19924
5.19924
5.19924
5.19924
5.19924
5.19924
5.19924
5.19924
5.19924
5.19924
5.19924
5.19924
5.19924
5.19924
5.19924
5.19924
5.19924
5.19924
5.19924
5.19924
5.12928
5.12928
5.12928
5.12928
5.12928
5.12928
5.12928
5.12928
5.09498
5.09498
5.09498
5.09498
5.09498
5.09498
5.09498
5.09498
5.09498
5.09498
5.09498
5.09498
5.09498
5.09498
5.09498
5.09498
5.09498
5.09498
5.09498
5.09498
5.09498
5.09498
5.09498
5.09498
5.08226
5.08226
5.08226
5.08226
5.08226
5.08226
5.08226
5.08226
5.08226
5.33814
5.33814
5.33814
5.33814
5.33814
5.33814
5.33814
5.33814
5.33814
5.33814
5.33814
5.33814
5.33814
5.3372
5.3372
5.3372
5.3372
5.3372
5.3372
5.3372
5.3372
5.3372
5.3372
5.3372
5.3372
5.3372
5.3372
5.3372
5.3372
5.33191
5.33191
5.33191
5.33191
5.33191
5.33191
5.33191
5.33191
5.33191
5.33191
5.33191
5.2516
5.2516
5.2516
5.2516
5.2516
5.2516
5.2516
5.2516
5.19148
5.19148
5.19148
5.19148
5.19148
5.19148
5.19148
5.19148
5.19148
5.19148
5.19148
5.19148
5.02901
5.02901
5.02901
5.02901
5.02901
5.02901
5.02901
5.02901
5.02901
5.02901
5.02901
5.02901
5.02901
5.02901
5.02901
4.63665
4.63665
4.63665
4.63665
4.63665
4.63665
4.63665
4.63665
4.63665
4.63665
4.63665
4.63665
4.63665
4.63665
4.63665
4.63665
4.63665
4.63665
4.63665
4.63665
4.63665
4.63665
4.63665
4.63665
4.63665
4.63665
4.63665
4.63665
4.63665
4.63665
4.63665
4.63665
4.63665
4.63665
4.63665
4.63665
4.63665
4.63665
4.63665
4.63665
4.63665
4.63665
4.63665
4.63665
4.63665
4.63665
4.63665
4.63665
4.63665
4.63665
4.63665
4.63665
4.63665
4.63665
4.63665
4.63665
4.63665
4.63665
4.63665
4.63665
4.63665
4.63665
4.63665
4.63665
4.63665
4.63665
4.63665
4.63665
4.63665
4.63665
4.63665
4.63665
4.63665
4.63665
4.63665
4.8254
4.8254
4.8254
4.8254
4.8254
4.8254
4.8254
4.8254
4.8254
4.8254
4.8254
4.8254
4.8254
4.8254
4.8254
4.8254
4.8254
4.8254
4.8254
4.8254
4.8254
4.8254
4.8254
4.8254
4.8254
4.8254
4.8254
4.8254
4.8254
4.8254
4.8254
4.8254
4.8254
4.8254
4.8254
4.8254
4.8254
4.8254
4.8254
4.8254
4.8254
4.8254
4.8254
4.8254
4.8254
4.8254
4.8254
4.8254
4.8254
4.8254
4.8254
4.8254
4.8254
4.8254
4.8254
4.8254
4.8254
4.8254
4.8254
4.8254
4.8254
4.8254
4.8254
4.8254
4.8254
4.8254
4.8254
4.8254
4.8254
4.8254
4.8254
4.8254
4.8254
4.8254
4.8254
4.85653
4.85653
4.85653
4.85653
4.85653
4.85653
4.85653
4.85653
4.85653
4.85653
4.85653
4.85653
4.85653
4.85653
4.85653
4.85653
4.85653
4.85653
4.85653
4.85653
4.85653
4.85653
4.85653
4.85653
4.85653
4.85653
4.85653
4.85653
4.85653
4.85653
4.85653
4.85653
4.85653
4.85653
4.85653
4.85653
4.85653
4.85653
4.85653
4.85653
4.85653
4.85653
4.85653
4.85653
4.85653
4.85653
4.85653
4.85653
4.85653
4.85653
4.85653
4.85653
4.85653
4.85653
4.85653
4.85653
4.85653
4.85653
4.85653
4.85653
4.85653
4.85653
4.85653
4.85653
4.85653
4.85653
4.85653
4.85653
4.85653
4.85653
4.85653
4.85653
4.85653
4.85653
4.85653
4.64897
4.64897
4.64897
4.64897
4.64897
4.64897
4.64897
4.64897
4.64897
4.64897
4.64897
4.64897
4.64897
4.64897
4.64897
4.64897
4.64897
4.64897
4.64897
4.64897
4.64897
4.64897
4.64897
4.64897
4.64897
4.64897
4.64897
4.64897
4.64897
4.64897
4.64897
4.64897
4.64897
4.64897
4.64897
4.64897
4.64897
4.64897
4.64897
4.64897
4.64897
4.64897
4.64897
4.64897
4.64897
4.64897
4.64897
4.64897
4.64897
4.64897
