13.7755
13.4484
13.2424
12.3027
12.2724
11.8811
11.8452
11.6098
10.3207
9.70931
9.62191
9.54726
9.29721
8.84833
8.84833
8.45987
8.25801
8.25801
8.18667
8.18667
8.15282
8.13996
8.13996
7.88415
7.88415
7.88415
7.80395
7.58454
7.42135
7.04849
7.04849
7.04849
6.76608
6.76608
6.76608
6.76608
6.5867
6.43326
6.43326
6.43326
6.43326
6.42445
6.27288
5.45469
5.45469
5.41897
5.3741
5.3741
5.3741
5.3741
5.3741
5.3741
5.34834
5.34834
5.34834
5.31583
5.31583
5.31583
5.31583
5.31583
5.31583
5.31583
5.31583
5.31583
5.31583
5.31583
5.31583
5.31583
5.27714
5.27714
5.27714
5.27714
5.27714
5.27714
5.27714
5.21676
5.16108
5.16108
5.16108
5.16108
5.16108
5.16108
5.16108
5.16108
5.16108
5.16108
5.16108
5.16108
5.16108
5.16108
5.16108
5.16108
5.16108
5.16108
5.16108
5.16108
5.16108
5.16108
5.16108
5.16108
5.16108
5.16108
5.16108
5.16108
5.16108
5.16108
5.16108
5.16108
5.16108
5.16108
5.16108
5.16108
5.16108
5.16108
5.16108
5.16108
5.16108
5.16108
5.16108
5.16108
5.16108
5.16108
5.16108
5.16108
5.16108
5.16108
5.16108
5.16108
5.16108
5.16108
5.15221
5.15221
5.15221
5.15221
5.15221
5.15221
5.15221
5.15221
5.15221
5.15221
5.14738
5.14738
5.14738
5.14738
5.14738
5.14738
5.14738
5.14738
5.05042
5.05042
5.09561
5.09561
5.09561
5.09561
5.09561
5.09561
5.09561
5.09561
5.09561
5.09561
5.09561
5.09561
5.09561
5.09561
5.09561
5.09561
5.09561
5.09561
5.09561
5.09561
5.09561
5.09561
5.09561
5.09561
5.09561
5.09561
5.09561
5.09561
5.09561
5.09561
5.09561
5.09561
5.09561
5.09561
5.09561
5.02786
5.02786
5.02786
5.02786
5.02786
5.02786
5.02786
5.02786
5.02786
5.02786
5.02786
5.02786
5.02786
5.02786
5.02786
5.02786
5.02786
5.02786
5.02786
5.02786
5.02786
5.02786
5.02786
5.02786
5.02786
5.02786
5.02786
5.02786
5.02786
5.02786
5.02786
5.02786
5.02786
5.02786
5.02786
5.02786
5.02786
5.02786
5.02701
5.02701
4.9046
4.9046
4.9046
4.9046
4.9046
4.9046
4.9046
4.9046
4.9046
4.9046
4.9046
4.9046
4.9046
4.9046
4.9046
4.90371
4.90371
4.90371
4.90371
4.90371
4.90371
4.90371
4.90371
4.90371
4.90371
4.90371
4.90371
4.90371
4.90371
4.90371
4.90371
4.90371
4.90371
4.90371
4.90371
4.90371
4.90371
4.90371
4.90371
4.90371
4.90371
4.90371
4.90371
4.90371
4.90371
4.88745
4.88745
4.88745
4.88745
4.88745
4.88745
4.88745
4.88745
4.88745
4.88745
4.88745
4.88745
4.88745
4.88745
4.88745
4.88745
4.88745
4.88745
4.88745
4.88745
4.88745
4.88745
4.88745
4.88745
4.88745
4.88745
4.88745
4.88745
4.88745
4.88745
4.63665
4.63665
4.63665
4.63665
4.63665
4.63665
4.63665
4.63665
4.63665
4.63665
4.63665
4.63665
4.63665
4.63665
4.63665
4.63665
4.63665
4.63665
4.63665
4.63665
4.63665
4.63665
4.63665
4.63665
4.63665
4.63665
4.63665
4.63665
4.63665
4.63665
4.63665
4.63665
4.63665
4.63665
4.63665
4.63665
4.63665
4.63665
4.63665
4.63665
4.63665
4.63665
4.63665
4.63665
4.63665
4.63665
4.63665
4.63665
4.63665
4.63665
4.63665
4.63665
4.63665
4.63665
4.63665
4.63665
4.63665
4.63665
4.63665
4.63665
4.63665
4.63665
4.63665
4.63665
4.63665
4.63665
4.63665
4.63665
4.63665
4.63665
4.63665
4.63665
4.63665
4.63665
4.63665
4.81571
4.81571
4.81571
4.81571
4.81571
4.81571
4.81571
4.81571
4.81571
4.81571
4.81571
4.81571
4.81571
4.81571
4.81571
4.81571
4.81571
4.81571
4.81571
4.81571
4.81571
4.81571
4.81571
4.81571
4.81571
4.81571
4.81571
4.81571
4.81571
4.81571
4.81571
4.81571
4.81571
4.81571
4.81571
4.81571
4.81571
4.81571
4.81571
4.81571
4.81571
4.81571
4.81571
4.81571
4.81571
4.81571
4.81571
4.81571
4.81571
4.81571
4.81571
4.81571
4.81571
4.81571
4.81571
4.81571
4.81571
4.81571
4.81571
4.81571
4.81571
4.81571
4.81571
4.81571
4.81571
4.81571
4.81571
4.81571
4.81571
4.81571
4.81571
4.81571
4.81571
4.81571
4.81571
4.8254
4.8254
4.8254
4.8254
4.8254
4.8254
4.8254
4.8254
4.8254
4.8254
4.8254
4.8254
4.8254
4.8254
4.8254
4.8254
4.8254
4.8254
4.8254
4.8254
4.8254
4.8254
4.8254
4.8254
4.8254
4.8254
4.8254
4.8254
4.8254
4.8254
4.8254
4.8254
4.8254
4.8254
4.8254
4.8254
4.8254
4.8254
4.8254
4.8254
4.8254
4.8254
4.8254
4.8254
4.8254
4.8254
4.8254
4.8254
4.8254
4.8254
