13.8459
12.7562
11.9878
11.9066
11.1356
10.7908
10.6332
10.5069
9.89224
9.89224
9.76596
9.62069
9.62069
9.30629
9.20801
9.05105
9.05105
9.03431
8.68981
8.68981
8.53
8.53
7.80582
7.80582
7.59065
7.46081
7.46081
7.42952
7.42952
7.42952
7.42952
7.42952
7.42952
7.42419
7.20335
7.20335
7.17122
6.26246
6.26246
6.25703
6.17367
6.10719
6.10719
6.07966
6.07966
6.07966
6.07966
6.07966
5.64901
5.64901
5.64901
5.63078
5.63078
5.63078
5.63078
5.63078
5.63078
5.63078
5.63078
5.63078
5.63078
5.63078
5.63078
5.63078
5.63078
5.63078
5.63078
5.63078
5.63078
5.63078
5.62692
5.62692
5.48536
5.48536
5.34937
5.27714
5.10382
5.10382
5.10382
5.10382
5.10382
5.10382
5.10382
5.10382
5.10382
5.10382
5.10382
5.10382
5.10382
5.10382
5.10382
5.10382
5.10382
5.10382
5.10382
5.10382
5.10382
5.10382
5.10382
5.10382
5.10382
5.10382
5.10382
5.10382
5.10382
5.10382
5.10382
5.10382
5.10382
5.10382
5.10382
5.10382
5.10382
5.10382
5.10382
5.10382
5.10382
5.10382
5.10382
5.10382
5.09561
5.09561
5.09561
5.09561
5.09561
5.09561
5.09561
5.09561
5.09561
5.09561
5.09561
5.09561
5.09561
5.09561
5.09561
5.09561
5.09561
5.09561
5.09561
5.09561
5.09561
5.09561
5.09561
5.09561
5.09561
5.09561
5.09561
5.09561
5.09561
5.09561
4.89193
4.89193
4.64972
4.64148
4.64148
4.64148
4.64148
4.64148
4.64148
4.64148
4.64148
4.64148
4.64148
4.64148
4.64148
4.63665
4.63665
4.63665
4.63665
4.63665
4.63665
4.63665
4.63665
4.63665
4.63665
4.63665
4.63665
4.63665
4.63665
4.63665
4.63665
4.63665
4.63665
4.63665
4.63665
4.63665
4.63665
4.63665
4.63665
4.63665
4.63665
4.63665
4.63665
4.63665
4.63665
4.63665
4.63665
4.63665
4.63665
4.63665
4.63665
4.63665
4.63665
4.63665
4.63665
4.63665
4.63665
4.63665
4.63665
4.63665
4.63665
4.63665
4.63665
4.63665
4.63665
4.63665
4.63665
4.63665
4.63665
4.63665
4.63665
4.63665
4.63665
4.63665
4.63665
4.85653
4.85653
4.85653
4.85653
4.85653
4.85653
4.85653
4.85653
4.85653
4.85653
4.85653
4.85653
4.85653
4.85653
4.85653
4.85653
4.85653
4.85653
4.85653
4.85653
4.85653
4.85653
4.85653
4.85653
4.85653
4.85653
4.85653
4.85653
4.85653
4.85653
4.85653
4.85653
4.85653
4.85653
4.85653
4.85653
4.85653
4.85653
4.85653
4.85653
4.85653
4.85653
4.85653
4.85653
4.85653
4.85653
4.85653
4.85653
4.85653
4.85653
4.85653
4.85653
4.85653
4.85653
4.85653
4.85653
4.85653
4.85653
4.85653
4.85653
4.85653
4.85653
4.85653
4.85653
4.85653
4.85653
4.85653
4.85653
4.85653
4.85653
4.85653
4.85653
4.85653
4.85653
4.85653
4.68945
4.64897
4.64897
4.64897
4.64897
4.64897
4.64897
4.64897
4.64897
4.64897
4.64897
4.64897
4.64897
4.64897
4.64897
4.64897
4.64897
4.64897
4.64897
4.64897
4.64897
4.64897
4.64897
4.64897
4.64897
4.64897
4.64897
4.64897
4.64897
4.64897
4.64897
4.64897
4.64897
4.64897
4.64897
4.64897
4.64897
4.64897
4.64897
4.64897
4.64897
4.64897
4.64897
4.64897
4.64897
4.64897
4.64897
4.64897
4.64897
4.64897
4.64897
4.64897
4.64897
4.64897
4.64897
4.64897
4.64897
4.64897
4.64897
4.64897
4.64897
4.64897
4.64897
4.64897
4.64897
4.64897
4.64897
4.64897
4.64897
4.64897
4.64897
4.64897
4.64897
4.64897
4.64897
4.8254
4.8254
4.8254
4.8254
4.8254
4.8254
4.8254
4.8254
4.8254
4.8254
4.8254
4.8254
4.8254
4.8254
4.8254
4.8254
4.8254
4.8254
4.8254
4.8254
4.8254
4.8254
4.8254
4.8254
4.8254
4.8254
4.8254
4.8254
4.8254
4.8254
4.8254
4.8254
4.8254
4.8254
4.8254
4.8254
4.8254
4.8254
4.8254
4.8254
4.8254
4.8254
4.8254
4.8254
4.8254
4.8254
4.8254
4.8254
4.8254
4.8254
4.8254
4.8254
4.8254
4.8254
4.8254
4.8254
4.8254
4.8254
4.8254
4.8254
4.8254
4.8254
4.8254
4.8254
4.8254
4.8254
4.8254
4.8254
4.8254
4.8254
4.8254
4.8254
4.8254
4.8254
4.8254
4.63665
4.63665
4.63665
4.63665
4.63665
4.63665
4.63665
4.63665
4.63665
4.63665
4.63665
4.63665
4.63665
4.63665
4.63665
4.63665
4.63665
4.63665
4.63665
4.63665
4.63665
4.63665
4.63665
4.63665
4.63665
4.63665
4.63665
4.63665
4.63665
4.63665
4.63665
4.63665
4.63665
4.63665
4.63665
4.63665
4.63665
4.63665
4.63665
4.63665
4.63665
4.63665
4.63665
4.63665
4.63665
4.63665
4.63665
4.63665
4.63665
4.63665
