13.981
12.891
12.791
11.1473
10.0951
9.91335
9.15077
8.94681
8.48884
8.27214
8.26228
8.26228
7.91786
7.91786
7.91786
7.91786
7.91786
7.91786
7.91173
7.91173
7.91173
7.812
7.50063
7.44985
7.44985
7.44985
7.39234
7.29095
7.29095
7.23343
7.23343
7.14724
7.14724
7.14724
6.9961
6.9961
6.9961
6.97513
6.97513
6.97513
6.40422
6.29768
6.29494
6.29494
6.29494
5.99427
5.99427
5.99427
5.99427
5.99427
5.99427
5.99427
5.99427
5.7904
5.7904
5.7758
5.7758
5.7758
5.7758
5.7758
5.7758
5.7758
5.7758
5.71398
5.71398
5.71398
5.43754
5.43754
5.43754
5.35923
5.35923
5.35923
5.35923
5.35923
5.35923
6.03725
5.96476
5.96476
5.96476
5.96476
5.96476
5.96476
5.96476
5.96476
5.96476
5.96476
5.96476
5.96476
5.96476
5.96476
5.96476
5.96476
5.96476
5.96476
5.83663
5.83663
5.83663
5.83663
5.83663
5.64094
5.64094
5.64094
5.64094
5.64094
5.64094
5.64094
5.64094
5.64094
5.64094
5.64094
5.64094
5.64094
5.64094
5.64094
5.64094
5.64094
5.60859
5.60859
5.60859
5.60859
5.60859
5.60859
5.60859
5.41995
5.41995
5.41995
5.41995
5.41995
5.41995
5.38888
5.38888
5.38888
5.38888
5.38888
5.38888
5.38888
5.38888
5.38888
5.38888
5.38888
5.38888
5.38888
5.38888
5.38888
5.38888
5.38888
5.38888
5.38888
5.38888
5.38888
5.05042
5.05042
5.05042
5.05042
5.05042
5.05042
5.05042
5.05042
5.05042
5.05042
5.05042
5.05042
5.05042
5.05042
5.05042
5.05042
5.05042
5.05042
5.05042
5.05042
5.05042
5.05042
5.05042
4.95828
4.95828
4.95828
4.95828
4.95828
4.95828
4.95828
4.95828
4.95828
4.95828
4.95828
4.95828
4.95828
4.95828
4.95828
4.95828
4.95828
4.95828
4.95828
4.95828
4.95828
4.95828
4.95828
4.95828
4.92842
4.92842
4.92842
4.92842
4.92842
4.92842
4.92842
4.92842
4.92842
4.92842
4.92842
4.92842
4.9046
4.9046
4.9046
4.9046
4.9046
4.9046
4.9046
4.9046
4.9046
4.9046
4.9046
4.9046
4.9046
4.9046
4.9046
4.9046
4.92022
4.70033
4.70033
4.70033
4.70033
4.70033
4.70033
4.70033
4.70033
4.70033
4.70033
4.70033
4.70033
4.70033
4.70033
4.70033
4.70033
4.70033
4.70033
4.70033
4.70033
4.70033
4.70033
4.70033
4.70033
4.70033
4.70033
4.70033
4.70033
4.70033
4.70033
4.70033
4.70033
4.70033
4.70033
4.70033
4.70033
4.70033
4.70033
4.70033
4.70033
4.70033
4.70033
4.70033
4.70033
4.70033
4.70033
4.70033
4.70033
4.70033
4.70033
4.70033
4.70033
4.70033
4.70033
4.70033
4.69944
4.69944
4.69944
4.69944
4.69944
4.69944
4.69944
4.69944
4.69944
4.69944
4.69944
4.69944
4.69944
4.69944
4.69944
4.69944
4.69944
4.69944
4.69944
4.81571
4.81571
4.81571
4.81571
4.81571
4.81571
4.81571
4.81571
4.81571
4.81571
4.81571
4.81571
4.81571
4.81571
4.81571
4.81571
4.81571
4.81571
4.81571
4.81571
4.81571
4.81571
4.81571
4.81571
4.81571
4.81571
4.81571
4.81571
4.81571
4.81571
4.81571
4.81571
4.81571
4.81571
4.81571
4.81571
4.81571
4.81571
4.81571
4.81571
4.81571
4.81571
4.81571
4.81571
4.81571
4.81571
4.81571
4.81571
4.81571
4.81571
4.81571
4.81571
4.81571
4.81571
4.81571
4.81571
4.81571
4.81571
4.81571
4.81571
4.81571
4.81571
4.81571
4.81571
4.81571
4.81571
4.81571
4.81571
4.81571
4.81571
4.81571
4.81571
4.81571
4.81571
4.81571
4.64897
4.64897
4.64897
4.64897
4.64897
4.64897
4.64897
4.64897
4.64897
4.64897
4.64897
4.64897
4.64897
4.64897
4.64897
4.64897
4.64897
4.64897
4.64897
4.64897
4.64897
4.64897
4.64897
4.64897
4.64897
4.64897
4.64897
4.64897
4.64897
4.64897
4.64897
4.64897
4.64897
4.64897
4.64897
4.64897
4.64897
4.64897
4.64897
4.64897
4.64897
4.64897
4.64897
4.64897
4.64897
4.64897
4.64897
4.64897
4.64897
4.64897
4.64897
4.64897
4.64897
4.64897
4.64897
4.64897
4.64897
4.64897
4.64897
4.64897
4.64897
4.64897
4.64897
4.64897
4.64897
4.64897
4.64897
4.64897
4.64897
4.64897
4.64897
4.64897
4.64897
4.64897
4.64897
4.81571
4.81571
4.81571
4.81571
4.81571
4.81571
4.81571
4.81571
4.81571
4.81571
4.81571
4.81571
4.81571
4.81571
4.81571
4.81571
4.81571
4.81571
4.81571
4.81571
4.81571
4.81571
4.81571
4.81571
4.81571
4.81571
4.81571
4.81571
4.81571
4.81571
4.81571
4.81571
4.81571
4.81571
4.81571
4.81571
4.81571
4.81571
4.81571
4.81571
4.81571
4.81571
4.81571
4.81571
4.81571
4.81571
4.81571
4.81571
4.81571
4.81571
