14.1895
13.1579
11.7156
11.5617
11.5617
10.9026
10.8749
10.6371
10.6371
10.3021
9.63308
9.62725
9.34338
9.23462
8.88302
8.88302
8.42355
8.31736
8.31736
8.24544
8.22907
8.07143
8.07143
8.07143
8.07143
7.99019
7.89497
7.69583
7.48196
7.48196
7.10637
7.10637
6.99236
6.92286
6.91462
6.84178
6.791
6.791
6.61435
6.61435
6.61435
6.61435
6.61435
6.61435
6.61435
6.2066
6.2066
6.2066
6.20473
6.20473
6.20473
6.20473
6.15343
6.15343
6.15343
6.13582
6.13582
6.13582
6.12059
6.12059
6.12059
6.12059
6.12059
6.08076
6.08076
6.02597
6.02597
6.02597
6.02597
5.56507
5.51538
5.51538
5.51538
5.51538
5.51538
5.36408
5.36408
5.36408
5.36408
5.36408
5.36408
5.36408
5.36408
5.36408
5.2785
5.2785
5.2785
5.25955
5.25955
5.25955
5.15278
5.15278
5.15278
5.15278
5.15278
5.09774
5.09774
5.01942
5.01942
5.01942
5.01942
5.01942
5.01942
5.01942
5.01942
5.01942
5.01942
5.01942
5.01942
5.01942
5.01942
5.01942
5.01942
4.9749
4.9749
4.9749
4.9749
4.9749
4.9749
4.9749
4.9749
4.9749
4.9749
4.9749
4.9749
4.9749
4.9749
4.9749
4.9749
4.9749
4.9749
4.96369
4.96369
4.96369
4.96369
4.96369
4.96369
4.96369
4.96369
4.96369
4.96369
4.96369
4.96369
4.96369
4.96369
4.96369
4.96369
4.96369
4.96369
4.96369
5.08226
5.08226
5.08226
5.08226
5.08226
5.08226
5.08226
5.08226
5.08226
5.02082
5.02082
5.02082
5.02082
5.02082
5.02082
5.02082
5.02082
5.02082
5.02082
5.02082
5.02082
5.02082
5.02082
5.02082
5.02082
5.02082
5.02082
5.02082
5.02082
5.02082
5.02082
5.02082
5.02082
5.02082
5.02082
5.02082
5.02082
5.02082
5.02082
5.02082
5.02082
5.02082
5.00364
5.00364
5.00364
5.00364
5.00364
5.00364
5.00364
5.00364
4.99626
4.99626
4.99626
4.99626
4.99626
4.99626
4.99626
4.99626
4.99626
4.99626
4.99626
4.99626
4.99626
4.99626
4.99626
4.99626
4.99626
4.99626
4.99626
4.99626
4.99626
4.99626
4.99626
4.99626
4.99626
5.02901
5.02901
5.02901
5.02901
5.02901
5.02901
5.02901
5.02901
5.02901
5.02901
5.02901
5.02901
5.02743
5.02743
4.8254
4.8254
4.8254
4.8254
4.8254
4.8254
4.8254
4.8254
4.8254
4.8254
4.8254
4.8254
4.8254
4.8254
4.8254
4.8254
4.8254
4.8254
4.8254
4.8254
4.8254
4.8254
4.8254
4.8254
4.8254
4.8254
4.8254
4.8254
4.8254
4.8254
4.8254
4.8254
4.8254
4.8254
4.8254
4.8254
4.8254
4.8254
4.8254
4.8254
4.8254
4.8254
4.8254
4.8254
4.8254
4.8254
4.8254
4.8254
4.8254
4.8254
4.8254
4.8254
4.8254
4.8254
4.8254
4.8254
4.8254
4.8254
4.8254
4.8254
4.8254
4.8254
4.8254
4.8254
4.8254
4.8254
4.8254
4.8254
4.8254
4.8254
4.8254
4.8254
4.8254
4.8254
4.8254
4.8254
4.8254
4.8254
4.8254
4.8254
4.8254
4.8254
4.8254
4.8254
4.8254
4.8254
4.8254
4.8254
4.8254
4.8254
4.8254
4.8254
4.8254
4.8254
4.8254
4.8254
4.8254
4.8254
4.8254
4.8254
4.8254
4.8254
4.8254
4.8254
4.8254
4.8254
4.8254
4.8254
4.8254
4.8254
4.8254
4.8254
4.8254
4.8254
4.8254
4.8254
4.8254
4.8254
4.8254
4.8254
4.8254
4.8254
4.8254
4.8254
4.8254
4.8254
4.8254
4.8254
4.8254
4.8254
4.8254
4.8254
4.8254
4.8254
4.8254
4.8254
4.8254
4.8254
4.8254
4.8254
4.8254
4.8254
4.8254
4.8254
4.8254
4.8254
4.8254
4.8254
4.8254
4.8254
4.8254
4.8254
4.8254
4.8254
4.8254
4.8254
4.8254
4.8254
4.8254
4.8254
4.8254
4.8254
4.8254
4.8254
4.8254
4.8254
4.8254
4.8254
4.8254
4.8254
4.8254
4.8254
4.8254
4.8254
4.8254
4.8254
4.8254
4.8254
4.8254
4.8254
4.8254
4.8254
4.8254
4.8254
4.8254
4.8254
4.8254
4.8254
4.8254
4.8254
4.8254
4.8254
4.8254
4.8254
4.8254
4.8254
4.8254
4.8254
4.8254
4.8254
4.8254
4.8254
4.8254
4.8254
4.8254
4.8254
4.8254
4.8254
4.8254
4.8254
4.8254
4.85653
4.85653
4.85653
4.85653
4.85653
4.85653
4.85653
4.85653
4.85653
4.85653
4.85653
4.85653
4.85653
4.85653
4.85653
4.85653
4.85653
4.85653
4.85653
4.85653
4.85653
4.85653
4.85653
4.85653
4.85653
4.85653
4.85653
4.85653
4.85653
4.85653
4.85653
4.85653
4.85653
4.85653
4.85653
4.85653
4.85653
4.85653
4.85653
4.85653
4.85653
4.85653
4.85653
4.85653
4.85653
4.85653
4.85653
4.85653
4.85653
4.85653
