35.2593
32.7392
30.7105
29.1768
27.2982
24.9621
22.8948
21.9912
21.1324
20.8428
20.4152
20.009
20.1023
19.8006
19.4528
18.3687
19.0426
18.4494
18.2446
17.2439
17.0275
16.6702
16.5911
16.9921
16.8783
17.2334
16.855
16.4077
16.2017
16.3145
16.4021
16.3923
16.3282
16.4891
16.0657
16.1066
15.9291
15.6976
15.8886
15.9384
16.0387
15.8447
15.512
15.3407
14.9876
15.6134
15.6173
15.1077
15.115
14.8409
14.5617
14.2469
15.311
14.4041
14.3224
13.9679
13.6864
13.6068
12.8665
13.1759
13.1322
13.1721
13.0705
13.4525
13.545
13.6913
12.9013
12.485
12.8342
13.3708
13.3103
12.8656
12.872
12.5056
12.5147
12.8502
13.4445
13.3631
13.4675
13.9276
13.9131
13.7546
13.2067
13.6331
13.4637
13.0691
13.4302
13.0937
12.8869
12.2886
12.9686
13.0144
13.1633
12.782
12.7533
12.7944
12.2911
12.8588
12.3987
12.2833
12.3365
12.0556
12.1463
12.8053
12.3855
12.3073
12.1499
13.2159
12.3636
12.3666
12.5054
12.2552
13.2788
13.2204
12.6825
11.8674
12.1982
11.832
12.9224
13.1454
12.5431
12.8979
12.0942
13.1425
12.5672
12.228
12.3427
13.5228
12.9444
12.7921
12.132
12.0551
12.1106
12.8201
12.9957
12.5217
12.9548
12.4176
12.7496
12.6122
13.0442
12.562
12.4512
12.3368
13.3343
13.3782
12.8711
12.4421
12.7084
12.772
13.465
12.2521
13.1801
12.3937
12.0575
12.1789
13.4205
13.2529
12.4015
12.0104
12.2521
12.6917
13.1625
12.3432
13.05
12.5324
12.2103
12.1907
11.8688
12.4535
12.5574
12.1769
12.2245
12.627
12.1389
12.6464
12.2324
11.8773
13.1219
12.3853
12.4569
12.0843
12.9088
12.9704
12.6986
13.529
13.3782
12.3261
12.1035
12.5944
11.8098
11.7511
11.2533
11.4623
12.0836
11.2414
12.4101
12.3891
12.7534
12.0455
12.3075
12.4951
12.3079
12.6455
12.8495
11.1759
11.1049
10.8639
10.8005
11.4584
10.921
11.4825
10.9433
10.1357
11.6227
11.3959
11.7861
12.3374
11.3938
11.5376
11.2734
10.813
12.459
11.5227
12.0452
11.9308
12.2406
12.4226
11.6705
13.0959
12.2607
12.6416
10.9758
11.0746
11.48
11.599
11.4222
11.6429
12.3652
11.5541
11.8496
11.5489
11.2859
11.2696
11.8688
11.3443
11.4431
11.8063
12.4487
11.7483
