28.9833
28.3298
26.3535
23.5204
19.7656
19.4654
19.2695
19.2167
18.0073
17.7774
17.7774
17.4787
17.1904
17.1904
16.2984
16.1771
16.1771
14.8864
14.8864
14.7178
14.6549
14.3675
14.3675
14.3675
14.3024
14.3024
14.3024
14.3024
14.2808
14.2312
14.2312
14.2312
14.2312
14.0938
14.0938
14.0938
13.2922
13.2795
13.2795
13.2794
13.2794
13.2794
13.2794
13.2794
13.2794
12.0612
11.858
11.8564
11.6091
11.6091
11.6091
11.6026
10.5251
10.5251
10.0183
10.0183
10.0183
9.75339
9.32824
9.32824
9.10968
9.10968
9.10968
9.10968
9.10968
9.10968
9.10968
9.10968
9.10968
9.10968
9.0608
9.0608
9.0608
9.0608
9.0608
9.0608
9.0608
9.0608
9.0608
9.0608
9.0608
9.0608
9.0608
9.0608
9.0608
9.0608
9.01436
9.01436
9.01436
9.01436
8.88645
8.88645
8.88645
8.88645
8.88645
8.74428
8.74428
8.74428
8.74428
8.74428
8.74428
8.74428
8.74428
8.74428
8.74428
8.74428
8.74428
8.25439
8.25439
8.25439
8.25439
8.25439
8.25439
8.25439
8.25439
8.25439
8.25439
8.25439
8.25439
8.25439
8.25439
8.13234
8.12509
8.12509
8.12509
8.12509
8.11971
8.11971
8.11971
8.11971
8.11971
8.11971
8.11971
8.11971
8.11971
8.05533
8.05533
8.05533
8.05533
8.05533
8.05533
8.05533
8.05533
8.05533
8.05533
8.05533
8.05533
8.05533
8.05533
8.05533
8.05533
8.05533
8.05533
8.05533
8.05533
8.05533
8.02992
7.72097
7.72097
7.72097
7.72097
7.72097
7.72097
7.72097
7.72097
7.72097
7.72097
7.70075
7.70075
7.70075
7.70075
7.70075
7.70075
7.70075
7.70075
7.70075
7.70075
7.70075
7.70075
7.70075
7.70075
7.70075
7.70075
7.70075
7.70075
7.70075
7.70075
7.70075
7.70075
6.83814
6.83814
6.83814
6.83814
6.83814
6.83814
6.83814
6.83814
6.83814
6.2403
6.2403
6.2403
6.2403
6.2403
6.2403
6.2403
6.2403
6.2403
6.2403
6.2403
6.2403
6.2403
6.2403
6.2403
6.2403
6.2403
6.2403
6.2403
6.2403
6.2403
6.2403
6.2403
6.2403
6.2403
6.2403
6.2403
6.2403
6.2403
6.2403
6.2403
6.2403
6.2403
6.2403
6.2403
6.2403
6.2403
6.2403
6.2403
6.2403
6.2403
6.2403
6.2403
6.2403
6.2403
6.2403
6.2403
6.2403
6.2403
6.2403
6.2403
6.2403
