           1   -0.445736   -0.445736           0
           2   -0.441763    -0.44375  0.00198666
           3   -0.453042   -0.446847  0.00330296
           4   -0.450058    -0.44765  0.00246965
           5   -0.454793   -0.449078  0.00238752
           6   -0.443417   -0.448135  0.00216574
           7   -0.438059   -0.446695  0.00232857
           8   -0.449389   -0.447032   0.0020445
           9   -0.434457   -0.445635  0.00228108
          10   -0.435771   -0.444649  0.00226619
          11   -0.450914   -0.445218  0.00212751
          12   -0.438629   -0.444669  0.00201828
          13   -0.444157    -0.44463  0.00185696
          14   -0.445114   -0.444664  0.00171956
          15   -0.445776   -0.444738  0.00160254
          16     -0.4378   -0.444305  0.00156049
          17    -0.43493   -0.443753  0.00156613
          18   -0.444237    -0.44378   0.0014768
          19   -0.448841   -0.444046  0.00142208
          20   -0.443793   -0.444034  0.00134917
          21    -0.44588   -0.444122  0.00128632
          22   -0.442135   -0.444031  0.00122978
          23   -0.458388   -0.444656   0.0013306
          24   -0.444302   -0.444641  0.00127404
          25   -0.451004   -0.444895  0.00124824
          26   -0.436566   -0.444575  0.00124132
          27   -0.448843   -0.444733  0.00120488
          28   -0.448063   -0.444852  0.00116712
          29   -0.440817   -0.444713  0.00113472
          30   -0.439726   -0.444547  0.00110877
          31   -0.436907     -0.4443  0.00110037
          32   -0.443169   -0.444265  0.00106601
          33   -0.457243   -0.444658  0.00110552
          34    -0.44481   -0.444663  0.00107252
          35   -0.436059   -0.444417  0.00107005
          36   -0.453589   -0.444672  0.00107065
          37   -0.448985   -0.444788  0.00104782
          38   -0.446157   -0.444824  0.00102051
          39   -0.449163   -0.444935   0.0010002
          40   -0.439911    -0.44481 0.000982938
          41   -0.439667   -0.444684 0.000966836
          42   -0.440802   -0.444592 0.000948053
          43   -0.449691   -0.444711 0.000933308
          44   -0.451868   -0.444873 0.000926246
          45   -0.444832   -0.444872 0.000905429
          46   -0.447589   -0.444931 0.000887494
          47   -0.441599    -0.44486 0.000871296
          48   -0.440694   -0.444774 0.000857355
          49   -0.445122   -0.444781 0.000839706
          50   -0.444854   -0.444782 0.000822742
