15.6098
14.6599
14.0044
13.1511
12.6177
12.1921
11.8009
11.4861
11.1531
10.8762
10.5982
10.5766
10.3354
10.2359
9.98632
9.78654
9.65938
9.7172
9.59581
9.45317
9.25092
9.12021
9.22925
8.86084
8.5545
8.48323
8.37249
8.34578
8.41455
8.36449
8.17288
8.0477
8.0688
8.11268
8.03503
8.06617
8.02042
7.97797
7.4886
7.2386
7.11492
7.03404
7.14961
7.18485
7.21005
7.23217
7.19946
7.27127
7.14625
7.10196
6.71291
6.70202
6.88296
6.87793
7.01377
6.98498
6.76871
6.91018
6.99835
6.76558
6.64529
6.78188
6.59088
6.71628
6.7464
6.94942
7.06329
6.83779
6.99018
6.65481
6.65751
6.75503
6.81254
6.65821
6.69537
6.70479
6.61208
6.47619
6.32263
6.07493
6.14964
6.43099
6.34977
6.31488
6.1208
5.98254
6.18795
6.28465
6.29533
6.04113
5.98581
6.1095
5.96227
6.14039
6.00102
5.97109
5.96792
6.17938
6.15138
6.28329
6.30513
6.11401
6.13567
6.09221
6.3751
6.30499
6.29223
6.24117
6.11904
6.08842
6.05803
6.12809
5.98959
6.08385
5.99593
5.92723
5.95202
5.92806
6.02785
5.97677
5.88079
6.19426
6.08582
6.25162
6.17739
6.12497
5.96486
5.96954
6.12664
5.99006
6.09528
6.25512
6.33197
6.51096
6.39866
6.39514
6.33223
6.33172
6.20743
6.30711
6.40509
6.14405
6.18684
6.19186
6.026
6.1841
6.11274
6.26673
6.28089
6.1452
6.18997
6.07179
6.36137
6.21165
6.28867
6.2161
6.17955
6.42854
6.31934
6.02731
6.22746
6.14378
6.12965
6.16736
6.07814
5.86439
5.86498
6.06626
6.28277
6.26278
6.23077
6.07825
6.16009
5.93089
6.02152
5.88661
5.98278
6.0771
6.12154
6.0502
6.00537
5.95155
6.05266
5.95776
5.9655
6.02087
6.00291
5.83464
5.96795
5.93766
5.98675
6.05385
6.15615
6.01525
6.09481
6.2146
6.04778
6.16515
6.21674
6.25118
6.13794
6.24473
6.2219
6.25176
6.0972
6.13753
6.15512
6.1137
6.03105
5.85132
5.89144
6.24106
6.14253
6.13184
6.00831
6.10976
6.12089
6.25164
6.30487
6.45636
6.17369
5.87438
6.09394
5.93506
5.96786
5.99538
5.80806
6.17887
6.20617
6.2321
6.00447
5.82094
6.02447
6.08929
5.99474
6.0611
6.11745
6.12305
6.15292
6.13703
6.44649
6.22345
6.1417
6.17318
6.05226
6.12375
6.14608
6.22484
6.0858
6.04954
6.12422
6.30334
6.11792
6.14865
6.12361
5.95566
6.08908
6.04632
5.89898
5.77076
5.76867
5.78889
5.79111
5.97039
6.01492
6.05407
5.82816
5.88285
5.94498
6.09013
6.19423
6.14681
5.73082
5.77218
5.73691
5.94573
5.94056
5.93238
6.01608
6.18328
6.07548
5.96187
6.1315
6.10771
6.20763
6.19198
5.94956
6.03135
6.20491
6.1591
6.09688
6.07235
6.01347
5.75307
5.8762
6.09004
6.18388
5.77567
5.95375
5.97917
6.23029
6.14946
6.11111
6.10158
5.87131
5.96466
6.25353
6.20011
6.15372
6.21011
6.33211
6.4314
6.39078
6.20176
6.17653
6.06523
5.96275
6.38299
6.2458
5.93883
6.11146
6.12096
6.17836
6.04061
6.37691
6.26397
6.28934
6.51894
6.27068
6.31267
6.24887
6.48771
6.64824
6.43591
6.15945
6.43086
6.21669
6.03359
5.96119
5.9393
6.10304
6.37153
6.27199
6.14599
6.29747
6.44567
6.37485
6.16529
6.19313
6.09918
6.1321
6.26358
6.08459
5.73712
6.00391
5.96223
6.00545
6.02444
6.04074
6.32864
6.08998
6.01112
6.02026
5.94272
6.28801
6.34493
6.12481
5.76653
5.86891
5.92715
5.95248
5.97004
5.96158
6.00616
6.00706
6.22794
6.28996
6.17919
6.04019
6.13478
6.15923
6.14449
5.87411
6.02493
6.10603
6.02916
5.88662
5.97435
5.97044
6.14433
6.40185
6.28155
6.02952
5.87913
5.79063
6.02219
6.18274
6.12521
5.96888
6.00432
6.12563
6.0177
6.19424
6.32053
5.87996
5.93477
6.07087
5.91429
5.89869
6.00886
5.73473
5.80949
5.68613
5.74421
5.88899
5.73053
5.89296
6.06055
6.3225
6.20557
6.21468
6.20726
6.15973
6.38403
6.2838
5.91041
6.01367
6.31152
6.18624
6.29669
6.19897
6.37371
6.28411
6.24925
6.00187
6.26949
6.40575
6.15692
6.28797
6.27533
6.11645
6.21207
6.19862
6.16148
5.97021
6.11551
6.08134
6.30178
6.19853
5.92901
6.1168
5.94662
5.83819
5.94047
6.01692
6.17845
6.04687
6.13714
5.86466
6.05489
6.14039
6.25777
6.29508
6.1898
5.98468
6.02706
6.12989
5.86547
5.86044
5.70654
5.84933
6.05124
5.97201
6.03613
5.89348
5.94067
6.03789
5.98484
6.07107
6.13481
5.71291
5.80431
5.97004
5.9033
5.96824
5.82703
5.91409
5.92351
5.92162
6.15293
6.05637
6.12756
6.04951
6.05576
6.07261
6.20777
6.05265
6.03568
6.24695
6.26826
