15.4595
14.626
13.9516
13.6373
12.5972
11.604
10.9816
10.4943
10.1757
9.54059
9.30212
9.03903
8.92645
8.72314
8.94264
8.90508
8.76617
8.63364
8.68555
8.62704
8.54368
8.40042
8.52953
8.22417
8.35402
8.29524
8.14326
8.0733
8.05739
8.17012
7.98461
7.939
7.84624
7.91066
7.89991
8.0331
7.87724
7.67327
7.71118
7.96153
7.94435
7.65721
7.35662
7.17973
7.0383
7.14322
7.15511
7.09935
7.10565
7.1479
7.31906
7.13129
7.17117
7.13646
6.96855
6.89402
6.68814
6.51405
6.61986
6.67296
6.86264
6.92888
6.8273
6.7353
6.88277
6.98213
6.96504
6.76172
6.75244
6.69448
6.51086
6.22289
6.25031
6.35911
6.46659
6.89307
6.90332
7.07144
6.95034
6.88644
7.02696
6.99412
7.06181
6.76965
6.94022
6.91339
6.95716
6.91391
6.96576
6.83978
6.95941
7.11087
7.15219
6.96851
7.00347
6.94529
6.84941
6.87591
6.65807
6.7476
6.52543
6.50945
6.72741
6.53259
6.50131
6.74291
6.73585
6.61748
6.56962
6.80143
6.96458
6.77824
6.61342
6.42687
6.32081
6.67522
6.66792
6.4122
6.46925
6.64328
6.62269
6.56657
6.55703
6.31423
6.2424
6.342
6.43733
6.35867
6.35966
6.21908
6.42636
6.31234
6.40886
6.2783
6.27208
6.45182
6.62597
6.55885
6.37245
6.28799
6.39461
6.38549
6.55847
6.40784
6.4476
6.7408
6.56692
6.39752
6.53123
6.46924
6.0579
5.96847
6.05013
5.95362
6.12236
6.04595
6.17013
6.18285
6.16096
6.22265
5.97186
5.94412
5.98697
6.00167
5.958
5.81637
6.0603
6.03835
5.82658
5.9931
6.04029
5.71685
6.02302
5.88387
5.9511
6.15893
6.06185
6.137
6.17741
6.15524
6.11337
5.99354
6.06288
5.89623
5.92472
6.02047
5.84248
5.86173
5.94821
5.87786
5.87817
6.15318
5.98483
6.13629
6.13797
6.16149
6.00403
6.0625
5.97497
6.01434
6.02973
5.9838
5.98605
6.09623
6.10564
6.04814
6.06392
5.98004
5.8622
6.02541
5.77406
5.86609
5.85221
6.06366
6.08645
5.93464
5.99972
5.88863
5.88814
5.99328
5.83172
6.02007
5.93997
5.86854
6.01492
5.86788
5.85514
6.35596
6.15479
6.09659
6.09444
6.16817
6.01795
6.24857
6.00816
6.08963
5.99968
6.0749
6.03667
6.03731
6.15499
6.18138
6.12626
5.95042
5.89408
5.95013
6.008
5.8076
5.92125
6.07521
5.89935
5.91575
5.8576
5.98081
5.78919
5.80554
5.908
5.90342
5.77154
5.77186
5.74045
5.85352
5.97451
6.2398
6.32767
6.2031
6.01795
6.28503
6.37029
6.19976
6.18311
6.31675
6.53564
6.5069
6.51581
6.36599
6.30136
6.18881
6.35943
5.95719
5.87199
5.94642
6.16106
6.04294
6.06446
6.2296
6.06229
6.03338
6.07673
6.27716
6.35548
5.924
5.98741
6.03121
6.10601
6.0644
6.00909
6.0013
6.23901
6.23729
6.40902
6.04907
6.07075
6.04897
6.10367
6.06227
6.04951
6.06333
6.08889
6.19737
6.10051
6.10653
5.96592
6.0098
5.98854
6.16065
6.21724
6.23662
6.39824
6.15118
6.14156
6.19439
6.21194
6.21727
6.19633
6.15867
5.96985
6.0809
5.9928
5.84861
6.15106
6.14303
6.03177
6.26774
6.01816
6.0296
6.12415
6.04423
6.0729
5.96662
5.88907
6.07739
6.02401
6.12977
6.04953
5.98178
5.80187
5.74438
5.86487
5.73359
5.78
5.72809
5.56106
5.86864
5.75799
5.76351
6.00464
5.93058
5.81533
6.00709
6.08059
5.93379
6.03169
6.07795
6.13698
6.08465
6.12814
5.95134
6.21786
6.10397
6.03114
5.88065
5.87813
6.04636
6.02508
6.26246
6.044
6.36715
6.22956
6.21099
6.36201
6.33912
6.34528
6.3597
6.2613
6.22762
6.11288
6.05798
6.18982
6.25077
6.14581
6.02979
5.97438
6.19056
6.32248
6.32789
6.20338
6.05152
6.12782
6.02792
6.07972
5.99769
6.07856
6.07831
6.05388
6.14719
6.26166
6.27287
6.09465
5.99893
5.87822
6.04303
6.13091
6.20118
6.19032
6.20417
6.0984
5.92829
5.94576
6.23676
6.10548
6.05337
6.23115
6.15188
6.14906
6.13206
6.09749
6.08485
6.00307
6.19692
5.98224
6.05779
6.14654
6.1004
6.35348
6.24733
6.27315
6.06579
5.8944
5.94488
6.01262
6.08943
5.95731
6.38323
6.33624
6.24616
6.01276
6.48811
6.46339
6.25871
6.29746
6.42229
6.44001
6.16871
6.08294
5.94184
5.86564
6.19075
6.04885
6.02812
6.11014
6.04291
6.07244
6.04213
6.09335
6.03474
6.16541
6.03638
5.92075
6.19952
6.28056
6.10745
5.98722
5.93131
6.14522
5.85588
5.92658
6.04639
6.22166
6.0768
5.97866
6.13468
6.00163
6.089
6.01111
6.07877
6.06754
6.0052
6.09461
6.13196
6.10353
6.1206
5.92534
5.9582
5.88591
6.05165
6.05101
5.92083
5.88365
5.89924
