15.5364
14.8829
14.15
13.1459
12.6339
12.2977
11.8962
11.8351
11.5021
11.3885
11.2532
10.8805
10.453
10.2865
10.3644
9.76538
9.60145
9.46096
9.26302
9.25579
8.94442
8.89284
8.77246
8.72725
8.71131
8.56882
8.66161
8.6118
8.5087
8.30997
8.21868
8.1397
7.91778
7.91532
7.8928
7.85946
7.79726
7.78146
7.7705
7.53766
7.45503
7.53704
7.50558
7.3632
7.39888
7.41901
7.3066
7.22639
7.10867
7.20446
6.95048
6.92784
6.9551
6.8756
6.97324
6.90975
6.85931
6.92933
7.12511
6.99006
6.92834
6.81907
6.87776
6.95654
6.98062
6.91841
6.9263
6.9613
7.0189
6.79726
6.65614
6.58127
6.517
6.42949
6.28232
6.68566
6.51969
6.62656
6.65526
6.62885
6.59289
6.27035
6.14904
5.95375
6.00447
6.22112
6.12604
6.01565
6.1988
6.27305
6.30029
6.26423
6.38372
5.99388
5.98471
5.98086
6.0781
6.44783
6.37805
6.19733
6.28503
6.15801
6.34223
6.43657
6.28552
6.20834
6.2148
6.333
6.24251
6.31325
6.18342
6.11603
6.04195
6.05625
6.0667
6.34455
6.53411
6.31977
6.26145
6.26877
6.12025
6.21877
5.89264
5.90614
5.78402
5.86512
5.93507
5.9997
6.00409
5.95455
5.8783
6.04454
5.90223
5.73605
5.87933
5.88664
5.99289
5.98587
5.86998
6.02937
5.93873
5.83019
5.85289
5.89971
6.19702
5.91708
6.06898
6.19127
6.21917
5.96109
6.28425
6.18094
6.08364
6.12131
6.06544
6.06112
5.99225
5.79016
5.95692
5.9054
6.05724
6.03342
5.86982
5.95981
6.31385
6.16698
6.16486
6.2032
5.99964
6.03981
6.08609
5.95526
5.81098
5.80439
6.07059
6.14234
6.1432
6.09345
6.02965
6.44958
6.24672
5.97926
5.9431
5.92122
5.95924
6.01908
5.9508
5.90248
5.96332
6.07567
6.12798
6.07658
6.00641
5.87742
5.90122
6.00552
5.93248
5.76962
5.76682
5.81387
5.75856
6.04867
5.8399
5.84113
5.86341
6.10008
6.16176
6.11944
6.17438
6.21041
6.201
6.41275
5.96976
6.02765
6.18453
6.42736
6.11076
6.008
6.04974
5.9193
6.17101
6.05143
6.08874
5.85764
5.84767
6.1643
5.9544
5.94963
5.94671
6.04687
6.21052
6.05103
6.15435
5.99603
5.8028
6.25451
6.40316
6.10215
6.24844
5.96727
5.91894
6.12797
6.17167
5.99947
5.90369
5.96955
5.85369
5.98641
5.81323
5.88863
5.8723
5.93498
6.12865
6.23846
6.21413
5.88556
5.87665
5.83843
5.97113
5.92383
6.0582
6.19365
6.08809
6.25661
6.12977
6.02989
6.05754
6.02237
6.16419
6.23101
6.14974
6.19523
6.23386
6.27001
6.08282
6.33799
6.60741
6.33818
6.35504
6.55101
6.45241
6.4068
6.14284
6.16488
6.24758
6.19571
6.43635
6.21573
6.27096
6.16511
6.09415
6.16782
5.95667
6.1461
5.94158
6.08486
5.90787
6.13222
5.93277
5.89949
6.15461
6.0213
6.10126
6.11407
6.22108
6.4633
6.27518
6.09293
6.06866
5.97736
5.93922
5.78944
5.86851
5.92894
6.11574
5.96553
5.91448
5.84376
5.84998
6.02243
6.07675
6.008
6.08546
6.10236
6.14508
6.19377
6.05113
6.00609
5.81594
5.90952
5.7085
5.58995
5.65096
5.85515
5.87031
5.82628
5.66113
5.74693
5.76836
5.93802
6.07149
5.85759
5.89694
5.8686
5.9291
5.96322
6.02144
5.93546
5.91629
5.79333
5.83561
5.52327
5.72239
5.67447
5.95203
5.89491
5.94849
6.2189
5.89495
5.79436
5.99062
5.94555
5.5191
5.59962
5.94877
5.97752
5.93969
5.94256
5.94834
6.0934
6.05973
6.06448
5.95368
5.94196
6.0207
6.03127
6.14499
6.04792
6.00693
6.32055
6.06931
6.00085
5.78252
5.82882
6.20725
6.22644
6.22247
6.08676
6.12051
6.18642
6.1209
6.05863
5.90633
6.13302
6.11124
6.18043
6.06314
6.20752
6.36255
6.35949
6.15911
6.21124
5.96953
6.04674
5.94428
6.34757
5.96797
6.04987
6.2264
6.03494
6.01967
6.02405
5.97787
5.88279
5.81965
6.14564
6.34714
5.94577
5.99734
6.15186
6.18474
6.18561
6.03403
6.23522
6.28244
6.1213
6.12914
6.0134
5.97331
6.07473
6.12243
6.04166
6.05251
6.05712
5.96471
6.1818
6.46311
6.18827
6.28158
6.11265
6.35802
6.15385
6.52776
6.21428
6.47877
6.33223
6.0186
6.31035
6.38995
6.44807
6.42604
6.25386
6.09775
5.86489
6.02555
5.99423
6.12239
5.98929
5.97495
5.95856
5.96622
5.91239
5.94892
5.78901
5.96733
6.0056
5.97931
6.08531
5.96842
5.95803
5.99866
6.00566
6.03888
6.07779
5.89179
5.7995
5.88146
6.20438
6.10474
6.08369
5.96651
6.12499
5.99487
6.06585
5.83826
5.72436
5.83682
6.0113
5.95951
6.05706
6.30224
6.42178
6.11964
5.8794
5.90369
6.05928
6.09897
6.03162
6.01007
6.01385
