15.4414
14.9027
14.2225
13.5267
12.931
12.4233
11.9853
11.5193
11.3332
11.1934
10.875
10.5258
10.249
10.1801
10.0951
9.92872
9.75075
9.53154
9.25832
9.13275
8.96497
8.99593
8.81963
8.86818
8.84503
8.84844
8.78561
8.72752
8.60693
8.58889
8.51739
8.66685
8.5795
8.50601
8.49873
8.39621
8.37945
8.23968
8.09549
7.89439
8.04108
7.98668
7.8613
7.80917
7.55858
7.72274
7.62729
7.79123
7.78821
7.40883
7.45183
7.59919
7.43142
7.58401
7.5123
7.54597
7.39831
7.35776
7.40447
7.49975
7.3454
7.21874
7.05341
6.69291
6.51695
6.50067
6.4962
6.49183
6.45456
6.72499
6.58794
6.45147
6.48638
6.63001
6.67717
6.67153
6.55385
6.55774
6.63067
6.57407
6.67043
6.76099
6.40093
6.48667
6.39861
6.41464
6.52716
6.55105
6.61645
6.55578
6.77474
6.45917
6.65323
6.46104
6.65951
6.5661
6.53751
6.61129
6.8043
6.74675
6.75768
6.67744
6.75213
6.72271
6.58322
6.67216
6.58033
6.50552
6.48995
6.41149
6.52467
6.31371
6.15744
6.25124
6.05227
6.1349
6.47213
6.48522
6.59583
6.59364
6.41819
6.25342
6.33778
6.35913
6.33178
6.41618
6.40737
6.47271
6.50847
6.30609
6.40863
6.28162
6.22511
6.35435
6.44828
6.32574
6.37219
6.5006
6.52195
6.77919
6.63656
6.70693
6.57406
6.72881
6.39299
6.612
6.71684
6.48152
6.2509
6.30589
6.55898
6.53137
6.56232
6.67793
6.5026
6.57901
6.12523
6.17269
6.20458
6.35034
6.33613
6.29243
6.14843
6.21369
6.09434
6.13173
6.26971
6.03239
5.91829
5.94985
6.19619
6.24182
6.1413
6.17547
6.102
6.21966
6.08593
5.96857
5.8368
6.02056
5.97338
6.24434
6.35212
6.2403
6.06655
6.22853
6.12731
6.23558
6.2488
6.08551
6.25122
6.00546
6.0672
6.03459
6.09433
5.88524
5.88288
6.07779
6.1138
6.45639
6.36519
6.28404
6.3686
6.23265
6.38891
6.13411
6.20029
6.13684
6.0993
5.86747
6.05209
6.15204
6.07935
5.9625
6.0043
6.07342
6.00718
6.2943
6.26067
6.35487
6.25103
6.20171
6.1927
6.3381
6.34459
6.19792
6.22065
6.26393
6.0752
6.02723
5.78016
5.65007
6.02274
5.86669
6.25163
6.13192
5.90303
5.97577
5.86955
5.87805
5.8825
5.89299
6.04006
6.12378
6.08053
5.93265
5.86903
6.16042
6.31227
6.15439
6.09105
6.45169
6.24354
6.25192
6.23447
6.21965
6.1446
6.53596
6.13189
6.37047
6.27859
6.14015
5.97325
6.47497
6.46026
6.61129
6.41458
6.08563
6.07535
6.18064
6.15091
6.2788
6.24054
6.03795
5.93734
6.00078
6.19735
5.99774
5.95674
5.98898
6.01926
6.00623
6.15087
6.09505
6.12929
6.10643
6.25542
6.45726
6.10465
6.21473
6.08628
6.03598
6.28755
6.15304
6.17936
6.09319
6.01565
6.17237
6.1006
6.01859
5.92633
6.03623
5.99639
6.11678
6.10479
5.99024
6.12949
5.9591
6.00762
5.89418
6.10943
6.04326
6.13399
6.178
6.03593
6.24509
6.08336
6.08233
6.14934
5.97864
5.98249
5.84605
6.06472
6.06258
6.25773
6.23845
6.06551
6.17264
6.1527
6.20562
6.20195
6.12912
5.95081
5.77477
6.08103
5.93417
5.90992
6.04249
6.01959
6.19213
6.10767
5.8803
6.08283
6.0908
5.98817
5.89369
6.07774
6.03394
5.92258
5.65883
5.77051
6.05522
6.06962
6.13867
5.9994
5.98784
5.98523
6.1379
5.89626
6.14029
6.08849
5.95192
5.96798
5.86118
5.74547
5.91644
6.05351
5.9013
6.0128
5.94394
6.11956
5.9941
5.78452
5.82022
5.97097
6.34239
6.29285
6.24735
6.07866
5.96545
6.17415
6.21025
6.32706
6.30541
6.19108
6.32861
6.29246
6.28925
6.44451
6.28517
6.23525
6.40111
6.25297
6.00309
6.10299
6.12327
5.94884
6.09652
5.97425
6.02284
5.9749
6.21222
6.0399
6.01816
6.08668
5.93877
5.88455
5.71759
5.9434
5.91829
5.96024
5.76768
6.02427
5.8703
5.994
6.0378
5.83297
5.73979
5.72183
5.84862
6.12315
5.9146
5.89763
5.69116
5.79949
5.86851
6.00438
5.83724
5.99881
5.88313
5.90916
5.93901
5.85191
5.80359
5.93097
5.85719
5.84539
5.94658
5.83863
5.94022
5.73255
5.7252
5.94546
5.83698
5.66735
5.86835
6.12095
6.26847
6.12721
6.03874
6.23543
6.05066
6.20826
6.23606
6.00727
5.95308
6.04878
5.95286
6.06768
6.04535
5.96542
6.03547
6.10459
5.87579
6.00232
6.01968
6.02849
6.40295
5.91534
6.06932
6.42481
6.26701
5.89539
5.87517
5.90521
5.99051
5.79065
5.83798
5.85319
5.90205
5.85717
5.85663
5.82203
5.89095
5.9549
5.93206
5.96101
6.0221
5.93244
6.02796
6.07644
5.87562
6.05174
5.96926
5.98124
5.96509
5.86304
5.60034
5.7603
5.82752
