15.4389
14.6888
14.1072
13.3872
12.8453
12.4657
12.2537
11.9393
11.7308
11.7573
11.3313
11.1648
11.0833
11.0796
10.8011
10.6626
10.4127
10.0612
9.87402
9.62607
9.28573
9.04105
8.82468
8.79406
8.71983
8.47571
8.3943
8.28971
8.2315
8.23579
8.2117
8.22671
8.19054
8.28965
8.11964
8.07501
8.11947
7.95593
7.80051
7.74102
7.75206
7.57531
7.6168
7.85738
7.66685
7.57978
7.62524
7.58559
7.58352
7.58415
7.70225
7.82475
7.75171
7.60116
7.25639
7.07029
7.02356
7.00663
7.0857
7.03774
7.00021
6.97267
6.95305
6.98252
7.03063
6.88175
6.98573
7.00964
7.01996
7.00847
7.04973
7.05206
7.23871
7.1784
7.27126
6.92255
6.82268
6.86656
6.90834
6.71782
6.88084
6.95342
6.59757
6.5353
6.68263
6.80905
6.78121
6.59496
6.62975
6.68672
6.41078
6.68318
6.67366
6.72201
6.4973
6.40788
6.18897
6.44411
6.33612
6.3965
6.45753
6.24763
6.40184
6.62711
6.6822
6.44678
6.44311
6.35301
6.50873
6.50245
6.35683
6.41346
6.32226
6.23923
6.29268
6.30076
6.23677
6.23871
6.16238
6.3108
6.33344
6.43059
6.37786
6.54251
6.36899
6.44587
6.37604
6.61167
6.21508
6.30431
6.05644
6.20043
6.23691
6.30116
6.04959
6.10494
6.23283
6.14936
6.218
6.16082
6.07388
6.46443
6.30059
6.37159
6.27195
6.31296
6.33955
6.45446
6.31073
6.29897
6.22907
6.18238
6.15689
6.19133
5.96288
6.22487
6.34634
6.21668
6.19162
6.19067
6.27193
6.29559
6.0797
6.1989
6.08265
6.15176
5.92636
6.00201
6.26849
6.11442
6.14694
6.22302
6.18658
6.34532
6.55703
6.29113
6.41823
6.41962
6.36726
5.97248
6.08224
5.96661
6.14472
5.89412
6.1178
6.14696
5.93556
5.96538
6.04502
6.1234
6.07285
6.06657
6.144
5.95003
6.15006
6.02571
5.90307
6.00235
6.06557
5.82413
5.92592
5.74974
6.07765
5.89892
5.61893
5.80135
5.94753
6.07823
6.30268
6.15939
6.16738
6.2063
6.05967
6.20422
5.94221
6.20694
6.12114
5.98888
6.07967
5.97731
6.15847
6.05556
6.02295
6.18789
6.30197
6.20088
6.20783
6.21751
6.25257
6.17443
6.30786
6.17726
6.11151
6.03328
6.33701
6.22481
6.06237
6.2628
6.30576
6.11933
6.10565
6.3086
6.20108
6.119
5.96838
6.23379
6.16607
5.82805
5.94917
5.82617
5.8322
6.01288
6.001
5.88852
6.1205
5.83365
6.05924
6.01299
6.08319
6.24655
6.20899
6.22437
6.26773
6.26435
6.19553
6.2082
6.24333
6.12018
6.34481
6.18276
6.03017
6.02133
6.23938
6.17151
6.13111
5.93059
6.05857
5.99452
6.04502
6.20436
5.99919
6.14291
6.03984
5.93778
6.08235
5.84573
5.71465
5.89135
6.05079
5.99524
6.0124
5.98862
6.06074
5.98156
6.09012
6.16221
5.9281
5.93348
5.991
5.97842
6.01544
6.14067
6.28801
6.16693
6.05142
6.11831
5.95058
6.27391
6.11448
5.93208
5.95598
6.1388
6.29084
6.13191
6.25527
6.08905
6.08963
6.18258
6.02431
6.13521
6.34423
6.2549
6.16605
6.24684
6.5022
6.4562
6.26371
6.34127
6.30668
6.3281
6.2275
5.96763
6.00099
6.08128
6.0005
5.71142
5.89312
6.15119
6.31386
6.12223
6.08919
6.17152
6.0324
6.11209
6.05066
6.09452
6.04819
5.97957
6.15315
6.03539
6.14632
6.39607
6.38536
6.27184
6.15067
6.27422
6.12752
6.22782
6.46227
6.28266
6.38922
6.30896
6.1695
6.24791
6.31992
6.30179
6.13867
6.49899
6.41678
6.59734
6.28256
6.08133
6.06328
6.23593
6.48985
6.41984
6.41711
6.14231
6.34797
6.42779
6.17374
6.11512
6.31498
6.05665
6.19016
5.89971
6.11621
5.90956
6.05669
5.86167
5.9468
5.86709
6.05671
5.93852
5.80597
5.91422
5.78833
5.98146
6.08717
5.98227
5.88066
5.89555
6.13914
6.10313
6.30416
6.26393
6.12464
6.10474
5.93231
6.00914
5.92034
5.7103
5.99255
6.05902
5.95285
5.89396
5.87608
5.67874
5.88858
5.85132
5.73047
5.703
5.79647
6.11444
6.16479
6.11006
5.923
5.82128
5.69703
5.88065
5.87271
5.87109
5.84128
5.95511
5.93599
6.03379
5.82049
6.06204
6.01916
5.82284
5.87855
5.83752
5.78789
5.69209
5.81354
5.66064
5.78117
5.71901
5.82457
5.98351
6.18928
6.32555
6.35556
6.29011
6.32115
6.36792
6.26952
6.67297
6.43009
6.09756
6.23949
6.02589
6.04896
6.17037
6.28437
6.2509
6.23447
6.2861
6.15667
6.09439
6.04662
6.0398
6.01791
6.02999
6.02404
6.02363
6.13609
6.10061
6.02343
5.99231
5.93159
5.89357
6.01874
6.04818
5.96797
5.87897
5.87073
6.09843
5.89939
6.07519
5.86658
5.80662
6.23811
6.03421
6.19493
5.96132
5.84717
5.87935
5.89938
5.80477
