14.0851
13.2514
12.5442
11.9155
11.2691
11.2539
10.707
10.5241
10.3328
9.84248
9.55247
9.4647
9.38369
9.38369
9.38369
8.76338
8.37475
8.37475
8.2476
8.2476
8.16441
8.16441
8.16441
8.16441
8.16441
8.16441
8.05651
8.05651
7.96278
7.79414
7.79414
7.79414
7.56286
7.56286
7.56286
7.56286
7.12637
7.12637
6.79932
6.79932
6.79932
6.79932
6.72482
6.72482
6.64621
6.64621
6.53382
6.53382
6.53382
6.53382
6.53346
6.53346
6.53346
6.53346
6.53346
6.53346
6.53346
6.42056
6.42056
6.03954
6.03954
5.98657
5.54137
5.54137
5.525
5.525
5.525
5.525
5.47023
5.47023
5.47023
5.47023
5.47023
5.47023
5.47023
5.51538
5.51538
5.51538
5.51538
5.51538
5.51538
5.51538
5.51538
5.51538
5.51538
5.51538
5.51538
5.51538
5.51538
5.51538
5.51263
5.50514
5.50514
5.50514
5.50031
5.50031
5.41897
5.41897
5.34066
5.34066
5.34066
5.34066
5.34066
5.34066
5.29613
5.29613
5.29613
5.29613
5.29613
5.29613
5.29613
5.29613
5.29613
5.20057
5.20057
5.20057
5.20057
5.18749
5.18749
5.18749
5.18749
5.18749
5.18749
5.18749
5.18749
5.18749
5.18749
5.18749
5.18749
5.18749
5.18749
5.18749
5.18749
5.18749
5.18749
5.18749
5.18749
5.18749
5.18749
5.18749
5.18749
5.18749
5.18749
5.18749
5.18749
5.02096
5.02096
5.02096
5.02096
5.02096
5.33814
5.32158
5.32158
5.32158
5.32158
4.91138
4.91138
4.91138
4.90759
4.90759
4.90759
4.90759
4.90759
4.90759
4.90759
4.90759
4.90759
4.90578
4.90578
4.90578
4.90578
4.90578
4.90578
4.90578
4.90578
4.90578
4.90578
4.89555
4.89555
4.89555
4.89555
4.89555
4.89555
4.89555
4.89555
4.89555
4.89555
4.89555
4.89555
4.89555
4.89555
4.89555
4.89555
4.89555
4.89555
4.89555
4.89555
4.89555
4.89555
4.89555
4.89555
4.89555
4.89555
4.89555
4.89555
4.89555
4.89555
4.89555
4.89555
4.89555
4.89555
4.89555
4.89555
4.89555
4.89555
4.89555
4.89555
4.89555
4.89555
4.89555
4.89555
4.89555
4.89555
4.89555
4.89555
4.92125
4.92125
4.92125
4.92125
4.92125
4.92125
4.92125
4.92125
4.92125
4.92125
4.92125
4.92125
4.92125
4.92125
4.92125
4.92125
4.92125
4.92125
4.92125
4.92125
4.92125
4.92125
4.92125
4.92125
4.92125
4.92125
4.92125
4.92125
4.92125
4.92125
4.92125
4.92125
4.89139
4.89139
4.89139
4.89139
4.89139
4.89139
4.89139
4.89139
4.89139
4.89139
4.89139
4.89139
4.89139
4.89139
4.89139
4.89139
4.8116
4.8116
4.8116
4.8116
4.8116
4.8116
4.8116
4.8116
4.8116
4.8116
4.8116
4.8116
4.8116
4.8116
4.8116
4.8116
4.8116
4.8116
4.8116
4.8116
4.8116
4.8116
4.8116
4.8116
4.80339
4.80339
4.80339
4.81373
4.81373
4.81373
4.81373
4.81373
4.81373
4.81373
4.81373
4.81373
4.81373
4.81373
4.81373
4.81373
4.81373
4.81373
4.81373
4.81373
4.81373
4.81373
4.81373
4.81373
4.81373
4.81373
4.81373
4.81373
4.81373
4.81373
4.81373
4.81373
4.81373
4.81373
4.81373
4.81373
4.81373
4.81373
4.81373
4.81373
4.81373
4.81373
4.81373
4.81373
4.81373
4.81373
4.81373
4.81373
4.81373
4.81373
4.81373
4.81373
4.81373
4.81373
4.81373
4.81373
4.81373
4.81373
4.81373
4.81373
4.81373
4.81373
4.81373
4.81373
4.81373
4.81373
4.81373
4.81373
4.81373
4.81373
4.81373
4.81373
4.81373
4.81373
4.81373
4.81373
4.81373
4.81373
4.81373
4.81373
4.81373
4.81373
4.81373
4.81373
4.81373
4.81373
4.81373
4.81373
4.81373
4.81373
4.81373
4.81373
4.81373
4.81373
4.81373
4.81373
4.81373
4.81373
4.81373
4.81373
4.81373
4.81373
4.81373
4.81373
4.81373
4.81373
4.81373
4.81373
4.81373
4.81373
4.81373
4.81373
4.81373
4.81373
4.81373
4.81373
4.81373
4.81373
4.81373
4.81373
4.81373
4.81373
4.81373
4.81373
4.81373
4.81373
4.81373
4.81373
4.81373
4.81373
4.81373
4.81373
4.81373
4.81373
4.81373
4.81373
4.81373
4.81373
4.81373
4.81373
4.81373
4.81373
4.81373
4.81373
4.81373
4.81373
4.81373
4.81373
4.81373
4.81373
4.81373
4.81373
4.81373
4.80339
4.80339
4.80339
4.80339
4.80339
4.80339
4.80339
4.80339
4.80339
4.80339
4.80339
4.80339
4.80339
4.80339
4.80339
4.80339
4.80339
4.80339
4.80339
4.80339
4.80339
4.80339
4.80339
4.80339
4.80339
4.80339
4.80339
4.80339
4.80339
4.80339
4.80339
4.80339
4.80339
4.80339
4.80339
4.80339
4.80339
4.80339
4.80339
4.80339
4.80339
4.80339
4.80339
4.80339
4.80339
4.80339
4.80339
4.80339
4.80339
4.80339
