14.1895
13.1579
11.7156
11.5617
11.5617
10.9026
10.8749
10.6371
10.6371
10.3021
9.63308
9.62725
9.34338
9.23462
8.88302
8.88302
8.42355
8.31736
8.31736
8.24544
8.22907
8.07143
8.07143
8.07143
8.07143
7.99019
7.89497
7.69583
7.48196
7.48196
7.10637
7.10637
6.99236
6.92286
6.91462
6.84178
6.791
6.791
6.61435
6.61435
6.61435
6.61435
6.61435
6.61435
6.61435
6.2066
6.2066
6.2066
6.20473
6.20473
6.20473
6.20473
6.15343
6.15343
6.15343
6.13582
6.13582
6.13582
6.12059
6.12059
6.12059
6.12059
6.12059
6.08076
6.08076
6.02597
6.02597
6.02597
6.02597
5.56507
5.51538
5.51538
5.51538
5.51538
5.51538
5.34937
5.34937
5.34937
5.34937
5.34937
5.34937
5.26964
5.26964
5.26964
5.26964
5.26964
5.26964
5.26964
5.26964
5.26964
5.26964
5.26964
5.23567
5.23567
5.23567
5.18175
5.18175
5.18175
5.18175
5.18175
5.18175
5.18175
5.18175
5.18175
5.18175
5.18175
5.18175
5.18175
5.18175
5.18175
5.18175
5.18175
5.18175
5.18175
5.18175
5.11179
5.11179
5.11179
5.11179
5.11179
5.08303
4.87383
4.87383
4.87383
4.87383
4.87383
4.87383
4.87383
4.87383
4.87383
4.87383
4.87383
4.87383
4.87383
4.87383
4.87383
4.87383
4.87383
4.87383
4.87383
4.87383
4.87383
4.87383
4.87383
4.87383
4.87383
4.87383
4.87383
4.87383
4.87383
4.87383
4.87383
4.87383
4.87383
4.87383
4.87383
4.87383
4.87383
4.87383
4.87383
4.87383
4.87383
4.87383
4.87383
4.87383
4.87383
4.87383
4.87383
4.87383
4.87383
4.87383
4.87383
4.87383
4.87383
4.87383
4.83953
4.83953
4.83953
4.83953
4.83953
4.83953
4.83953
4.83953
4.83953
4.83953
4.83953
4.83953
4.83953
4.83953
4.83953
4.83953
4.83953
4.83953
4.83953
4.83953
4.83953
4.83953
4.83953
4.83953
4.83953
4.83953
4.83953
4.83953
4.83953
4.83953
4.83953
4.83953
4.83953
4.83953
4.83953
4.83953
4.83953
4.83953
4.83953
4.83953
4.83953
4.83953
4.83953
4.83953
4.83953
4.83953
4.83953
4.83953
4.83953
4.83953
4.89555
4.89555
4.89555
4.89555
4.89555
4.89555
4.89555
4.89555
4.89555
4.89555
4.89555
4.89555
4.89397
4.89397
4.89397
4.89397
4.89397
4.89397
4.88914
4.88914
4.88914
4.88914
4.88914
4.88914
4.88914
4.88914
4.88914
4.88914
4.88914
4.88914
4.88914
4.88914
4.88914
4.88914
4.88914
4.88914
4.88914
4.88914
4.88914
4.88914
4.88914
4.88914
4.88914
4.88914
4.88914
4.88914
4.88914
4.88914
4.88914
4.88914
4.88914
4.88914
4.88914
4.88914
4.88914
4.88914
4.88914
4.88914
4.88914
4.88914
4.86588
4.86588
4.86588
4.86588
4.86588
4.86588
4.86588
4.86588
4.86588
4.86588
4.86588
4.86588
4.86588
4.86588
4.86588
4.80339
4.80339
4.80339
4.80339
4.80339
4.80339
4.80339
4.80339
4.80339
4.80339
4.80339
4.80339
4.80339
4.80339
4.80339
4.80339
4.80339
4.80339
4.80339
4.80339
4.80339
4.80339
4.80339
4.80339
4.80339
4.80339
4.80339
4.80339
4.80339
4.80339
4.80339
4.80339
4.80339
4.80339
4.80339
4.80339
4.80339
4.80339
4.80339
4.80339
4.80339
4.80339
4.80339
4.80339
4.80339
4.80339
4.80339
4.80339
4.80339
4.80339
4.80339
4.80339
4.80339
4.80339
4.80339
4.80339
4.80339
4.80339
4.80339
4.80339
4.80339
4.80339
4.80339
4.80339
4.80339
4.80339
4.80339
4.80339
4.80339
4.80339
4.80339
4.80339
4.80339
4.80339
4.80339
4.81373
4.81373
4.81373
4.81373
4.81373
4.81373
4.81373
4.81373
4.81373
4.81373
4.81373
4.81373
4.81373
4.81373
4.81373
4.81373
4.81373
4.81373
4.81373
4.81373
4.81373
4.81373
4.81373
4.81373
4.81373
4.81373
4.81373
4.81373
4.81373
4.81373
4.81373
4.81373
4.81373
4.81373
4.81373
4.81373
4.81373
4.81373
4.81373
4.81373
4.81373
4.81373
4.81373
4.81373
4.81373
4.81373
4.81373
4.81373
4.81373
4.81373
4.81373
4.81373
4.81373
4.81373
4.81373
4.81373
4.81373
4.81373
4.81373
4.81373
4.81373
4.81373
4.81373
4.81373
4.81373
4.81373
4.81373
4.81373
4.81373
4.81373
4.81373
4.81373
4.81373
4.81373
4.81373
4.80546
4.80546
4.80546
4.80546
4.80546
4.80546
4.80546
4.80546
4.80546
4.80546
4.80546
4.80546
4.80546
4.80546
4.80546
4.80546
4.80546
4.80546
4.80546
4.80546
4.80546
4.80546
4.80546
4.80546
4.80546
4.80546
4.80546
4.80546
4.80546
4.80546
4.80546
4.80546
4.80546
4.80546
4.80546
4.80546
4.80546
4.80546
4.80546
4.80546
4.80546
4.80546
4.80546
4.80546
4.80546
4.80546
4.80546
4.80546
4.80546
4.80546
