0 0 0
1 0.239563 0.402394
2 0.787001 0.286494
3 0.145696 0.548317
4 1.3809 0.511062
5 -0.183366 0.536245
6 1.30178 0.577123
7 0.86464 0.515251
8 0.335818 0.443541
9 -0.0865206 0.458621
10 0.897662 0.506603
11 0.061616 0.488286
12 0.754676 0.373624
13 0.393115 0.481104
14 0.283245 0.401178
15 1.17277 0.342227
16 -0.49558 0.344484
17 0.385287 0.454207
18 -0.299041 0.427597
19 1.06292 0.479416
20 0.22875 0.400811
21 1.357 0.374308
22 0.727459 0.390984
23 0.760273 0.376833
24 0.400304 0.440939
25 0.376201 0.415487
26 0.612986 0.543026
27 -0.0586643 0.477025
28 0.615455 0.555038
29 0.719206 0.403954
30 0.0590845 0.372967
31 0.32578 0.288296
32 0.57111 0.423793
33 0.583059 0.40019
34 -0.373665 0.316235
35 -0.50439 0.50608
36 0.266396 0.379058
37 -0.510536 0.356552
38 1.1159 0.340686
39 0.0219584 0.323049
40 -0.346204 0.304303
41 0.875985 0.379379
42 0.802315 0.40353
43 0.396835 0.413991
44 0.672526 0.486139
45 -0.000389616 0.411246
46 1.00272 0.361377
47 -0.324656 0.388933
48 0.257497 0.416948
49 0.0359798 0.351377
50 -0.0380243 0.347578
51 -0.302449 0.429193
52 -0.385385 0.335414
53 0.78624 0.425026
54 -0.276011 0.388553
55 -0.238458 0.397301
56 -0.163868 0.270507
57 0.510108 0.304634
58 0.373891 0.403346
59 0.152692 0.367293
60 0.773001 0.478459
61 1.04611 0.363851
62 0.850271 0.373268
63 0.200035 0.379011
64 0.317157 0.347812
65 0.563141 0.401626
66 0.487046 0.397887
67 0.485298 0.307037
68 0.583831 0.391733
69 0.439291 0.467553
70 0.378119 0.391665
71 0.0577961 0.394224
72 0.0896901 0.377166
73 -0.0403839 0.317681
74 -0.190326 0.291459
75 -0.0609101 0.316443
76 0.174679 0.289407
77 0.066029 0.397512
78 0.0558568 0.347121
79 0.0254826 0.325175
80 0.172343 0.34061
81 0.085932 0.369293
82 0.512483 0.445932
83 -0.369838 0.3398
84 -0.194945 0.268286
85 0.00639805 0.419004
86 0.827101 0.388131
87 0.123342 0.246983
88 -0.437167 0.427442
89 0.328043 0.272782
90 0.543637 0.353463
91 -0.205047 0.319658
92 0.29916 0.467807
93 0.217216 0.364867
94 0.519412 0.312881
95 -0.271712 0.346161
96 0.475608 0.361958
97 0.553 0.396729
98 0.531979 0.320261
99 0.468074 0.344326
100 0.35865 0.449203
101 0.110388 0.486742
102 0.0227625 0.386449
103 0.706224 0.384332
104 0.161731 0.330645
105 0.461124 0.498398
106 0.110513 0.482863
107 0.535309 0.307301
108 0.331308 0.334073
109 0.729761 0.399976
110 0.209518 0.315563
111 -0.239198 0.298328
112 0.302125 0.371132
113 0.725209 0.32024
114 0.608527 0.370549
115 -0.105904 0.374971
116 0.370413 0.455969
117 0.776887 0.300447
118 0.310105 0.319485
119 0.742475 0.40353
120 0.313868 0.317008
121 0.274129 0.325463
122 0.407817 0.32973
123 0.429915 0.38326
124 0.32705 0.285917
125 0.146327 0.299146
126 1.15758 0.386921
127 -0.361155 0.360239
128 0.0658169 0.3173
129 0.715765 0.34408
130 0.481583 0.413646
131 -0.304682 0.468677
132 0.623233 0.460436
133 0.727669 0.355472
134 0.882379 0.378904
135 -0.00752614 0.457321
136 0.527494 0.335487
137 0.515608 0.391948
138 0.370594 0.302106
139 -0.230237 0.390582
140 0.773322 0.378133
141 -0.0256466 0.314266
142 0.269477 0.376704
143 -0.408736 0.444936
144 0.728449 0.367347
145 0.17512 0.342569
146 0.567325 0.35707
147 0.604904 0.406773
148 0.186225 0.344851
149 -0.282983 0.346781
150 0.0477767 0.31481
151 -0.499091 0.428128
152 0.0529632 0.354398
153 0.601592 0.369774
154 0.188194 0.41457
155 0.341992 0.389508
156 -0.563575 0.406524
157 0.182549 0.423104
158 -0.125189 0.412061
159 0.323266 0.284403
160 0.440096 0.324537
161 -0.00261189 0.44789
162 0.426467 0.364855
163 0.0126571 0.325846
164 0.162248 0.313889
165 -0.0349953 0.323665
166 0.503959 0.384924
167 0.200128 0.336662
168 0.0474182 0.418782
169 -0.159306 0.378096
170 0.0208929 0.360683
171 -0.130131 0.311349
172 0.174634 0.359567
173 0.310497 0.342165
174 0.118688 0.23783
175 -0.123577 0.318939
176 -0.0530876 0.366932
177 0.104161 0.35338
178 0.380986 0.406432
179 0.0288666 0.361319
180 0.972833 0.344896
181 0.728241 0.415511
182 0.429229 0.379771
183 0.2845 0.374878
184 0.477734 0.399549
185 1.49801 0.401962
186 -0.0205376 0.396166
187 0.142292 0.362244
188 -0.462643 0.318992
189 0.242036 0.403608
190 0.530995 0.327168
191 0.0117707 0.328487
192 0.675633 0.368476
193 0.897752 0.282796
194 -0.401884 0.342784
195 0.476778 0.349052
196 -0.467187 0.422755
197 0.272379 0.487745
198 1.02925 0.343746
199 0.58324 0.320578
200 -0.607191 0.311634
201 -0.0455374 0.450627
202 0.323157 0.426927
203 1.43879 0.36976
204 -0.0632905 0.323221
205 0.622849 0.307817
206 -0.0557483 0.343089
207 -0.0750574 0.403352
208 -0.0953638 0.344207
209 1.1828 0.299419
210 -0.187873 0.384129
211 0.366456 0.40858
212 0.090655 0.432865
213 0.262806 0.273516
214 0.380866 0.449242
215 0.245234 0.402557
216 0.788695 0.388293
217 1.25506 0.303814
218 0.517851 0.522784
219 0.435362 0.369703
220 0.106694 0.311772
221 0.00671454 0.407228
222 0.0468331 0.296991
223 0.307056 0.428777
224 0.15556 0.326033
225 0.161632 0.476162
226 0.0236006 0.492855
227 0.385481 0.425172
228 0.294497 0.369005
229 -0.0354584 0.364668
230 0.260837 0.460874
231 0.0472456 0.291713
232 -0.0829363 0.293383
233 0.311813 0.331345
234 0.8827 0.383648
235 0.187167 0.412106
236 0.0699749 0.351051
237 0.630641 0.407969
238 0.713581 0.499108
239 0.317673 0.453912
240 -0.356963 0.315703
241 0.487932 0.317246
242 0.19435 0.40311
243 0.262847 0.500237
244 0.246248 0.336125
245 0.222576 0.278718
246 0.635088 0.355973
247 -0.211434 0.32657
248 0.982219 0.403949
249 -0.0340601 0.358569
250 0.213822 0.344081
251 0.249191 0.374963
252 0.84113 0.369124
253 0.921196 0.425994
254 -0.266618 0.31099
255 -0.208651 0.325481
256 0.930139 0.453037
257 -0.221699 0.362554
258 -0.226944 0.474751
259 0.620631 0.409744
260 0.741283 0.439925
261 -0.141606 0.455499
262 0.0251701 0.434174
263 0.496264 0.423871
264 1.47292 0.465241
265 0.522417 0.429467
266 -0.467808 0.406748
267 0.260313 0.375395
268 -0.129545 0.514899
269 0.791821 0.436643
270 0.113988 0.290392
271 1.1497 0.456127
272 0.285075 0.374207
273 -0.0592084 0.398046
274 0.0645367 0.466377
275 0.416738 0.508807
276 0.514312 0.403269
277 0.235196 0.376233
278 -0.0241668 0.474911
279 0.502075 0.385386
280 0.444297 0.509778
281 1.04005 0.438921
282 0.452172 0.528222
283 0.0993953 0.371703
284 0.434532 0.383866
285 0.287098 0.341097
286 0.558344 0.41142
287 0.243125 0.413088
288 0.72365 0.437294
289 0.775531 0.541141
290 -0.431973 0.368391
291 0.940121 0.515471
292 0.196152 0.533055
293 -0.237609 0.431844
294 -0.520529 0.535386
295 -0.0732476 0.53406
296 0.957733 0.430238
297 0.451166 0.485251
298 0.596277 0.661403
299 0 0
