           1     10.2085     10.2085           0
           2     9.17997     9.69426    0.514287
           3     10.3778     9.92209    0.374264
           4     10.2124     9.99468    0.274418
           5     10.2644     10.0486    0.219301
           6     10.1075     10.0584    0.179327
           7      9.9749     10.0465    0.152028
           8     10.0146     10.0425    0.131721
           9     9.88493      10.025    0.117479
          10     10.2482     10.0473     0.10742
          11     10.4287      10.082    0.103165
          12     10.5274     10.1191    0.101226
          13      11.485     10.2242    0.140393
          14     9.81987     10.1953    0.133148
          15     10.3689     10.2069    0.124493
          16     9.41329     10.1573    0.126575
          17     11.0457     10.2095    0.129876
          18     9.78336     10.1859    0.124716
          19     10.6063      10.208    0.120027
          20     10.8532     10.2402    0.118349
          21     9.80872     10.2197    0.114433
          22     10.3502     10.2256    0.109268
          23     10.6139     10.2425    0.105766
          24     9.60391     10.2159      0.1047
          25     10.2292     10.2164    0.100427
          26     9.84464     10.2021   0.0975406
          27      10.229     10.2031   0.0938638
          28     10.1291     10.2005    0.090488
          29      10.649      10.216    0.088671
          30     10.7058     10.2323   0.0872064
          31     11.7339     10.2807   0.0972653
          32     10.2664     10.2803   0.0941778
          33     10.7006      10.293   0.0921636
          34     10.0754     10.2866   0.0896406
          35     9.95579     10.2772   0.0875534
          36     11.5831     10.3134   0.0924972
          37      11.666       10.35   0.0971066
          38     10.2478     10.3473   0.0945549
          39     10.4602     10.3502    0.092144
          40     10.0958     10.3438   0.0900358
          41     10.9875     10.3595   0.0892048
          42     10.5645     10.3644   0.0871916
          43     9.88688     10.3533    0.085861
          44     9.84231     10.3417    0.084687
          45     10.8461     10.3529   0.0835392
          46      10.649     10.3593   0.0819561
          47     10.3815     10.3598   0.0801948
          48      9.9033     10.3503   0.0790803
          49     10.2344     10.3479   0.0774857
          50     10.6466     10.3539   0.0761548
          51     10.7018     10.3607   0.0749577
          52     9.97232     10.3533   0.0738806
          53      10.427     10.3547   0.0724866
          54     10.0074     10.3482   0.0714217
          55     10.6717     10.3541   0.0703573
          56     11.1347      10.368   0.0704816
          57     9.54592     10.3536   0.0707204
          58     10.3384     10.3534   0.0694909
          59     10.1046     10.3491    0.068433
          60     11.5357     10.3689   0.0701288
          61     9.69848     10.3579   0.0698397
          62     10.1282     10.3542   0.0688039
          63     9.90445     10.3471   0.0680783
          64     10.2368     10.3454   0.0670283
          65     10.6111     10.3494   0.0661155
          66     10.1675     10.3467   0.0651644
          67     10.6543     10.3513   0.0643484
          68     10.3234     10.3509   0.0633964
          69     9.89479     10.3443   0.0628196
          70     10.5831     10.3477   0.0620096
          71     9.89152     10.3412   0.0614667
          72     10.2249     10.3396   0.0606285
          73     10.7964     10.3459   0.0601188
          74     10.3404     10.3458   0.0593008
          75     9.62859     10.3363   0.0592812
          76     9.64892     10.3272    0.059191
          77     9.78606     10.3202   0.0588385
          78     10.0444     10.3166   0.0581867
          79     10.2555     10.3159   0.0574507
          80     10.2885     10.3155    0.056729
          81     10.5124      10.318    0.056077
          82     10.5068     10.3203   0.0554368
          83     10.6756     10.3245   0.0549319
          84     10.7131     10.3292   0.0544707
          85     9.55202       10.32   0.0545971
          86     10.3243     10.3201   0.0539585
          87     10.2939     10.3198   0.0533355
          88     10.5806     10.3227   0.0528092
          89     11.0909     10.3314    0.052921
          90     10.5348     10.3336   0.0523785
          91     9.95258     10.3294   0.0519687
          92     10.8876     10.3355   0.0517575
          93     9.73422      10.329   0.0516046
          94     10.3472     10.3292    0.051053
          95     10.4858     10.3309   0.0505396
          96     10.1996     10.3295   0.0500291
          97     9.72009     10.3232   0.0499077
          98      10.117     10.3211   0.0494406
          99     9.97747     10.3177   0.0490616
         100     10.5342     10.3198   0.0486167
