           1   0.0267533   0.0267533           0
           2    0.023136   0.0249447  0.00180867
           3   0.0337493   0.0278796  0.00311512
           4   0.0371427   0.0301953  0.00319606
           5   0.0269347   0.0295432  0.00256011
           6     0.03778    0.030916  0.00250081
           7   0.0284027    0.030557  0.00214385
           8    0.032988   0.0308608  0.00188133
           9    0.031924    0.030979  0.00166338
          10    0.033968   0.0312779   0.0015175
          11    0.032092   0.0313519  0.00137462
          12    0.032184   0.0314212  0.00125677
          13    0.031976   0.0314639  0.00115685
          14   0.0349733   0.0317146  0.00109997
          15   0.0433613    0.032491   0.0012851
          16   0.0285187   0.0322428  0.00122748
          17   0.0319027   0.0322227  0.00115319
          18    0.036388   0.0324541  0.00111159
          19   0.0285307   0.0322476  0.00107154
          20   0.0321987   0.0322452  0.00101656
          21   0.0351427   0.0323832 0.000976733
          22   0.0358547    0.032541 0.000944552
          23   0.0328027   0.0325523 0.000902622
          24    0.032776   0.0325617 0.000864245
          25   0.0324973   0.0325591 0.000828959
          26    0.032744   0.0325662  0.00079647
          27   0.0360147   0.0326939 0.000776973
          28    0.034212   0.0327481  0.00075067
          29   0.0398227   0.0329921   0.0007643
          30     0.03312   0.0329964 0.000738396
          31     0.04182    0.033281  0.00076881
          32     0.02234   0.0329391 0.000819162
          33   0.0263053   0.0327381 0.000819005
          34   0.0319853   0.0327159  0.00079486
          35   0.0408147   0.0329473 0.000805755
          36    0.035788   0.0330262 0.000787019
          37   0.0290693   0.0329193 0.000772887
          38   0.0364107   0.0330112 0.000757863
          39   0.0222773   0.0327359 0.000787815
          40     0.03406    0.032769  0.00076858
          41   0.0271747   0.0326326 0.000761917
          42    0.036464   0.0327238  0.00074913
          43   0.0373573   0.0328316 0.000739395
          44   0.0344347    0.032868 0.000723314
          45   0.0330027    0.032871 0.000707064
          46   0.0326253   0.0328657 0.000691543
          47   0.0389907    0.032996 0.000689104
          48    0.031816   0.0329714 0.000675042
          49   0.0303307   0.0329175 0.000663315
          50   0.0320653   0.0329005 0.000650137
          51    0.029484   0.0328335 0.000640773
          52    0.039304   0.0329579 0.000640533
          53    0.032076   0.0329413 0.000628551
          54    0.023648   0.0327692 0.000640361
          55    0.034312   0.0327972 0.000629235
          56   0.0286027   0.0327223  0.00062242
          57   0.0352413   0.0327665 0.000612998
          58    0.036876   0.0328374 0.000606489
          59    0.022024   0.0326541  0.00062366
          60     0.03574   0.0327055  0.00061533
          61   0.0305627   0.0326704 0.000606178
          62    0.039536   0.0327811 0.000606515
          63   0.0256733   0.0326683 0.000607381
          64   0.0361733   0.0327231 0.000600318
          65   0.0373747   0.0327946 0.000595327
          66   0.0299933   0.0327522 0.000587772
          67   0.0371733   0.0328182 0.000582682
          68   0.0300653   0.0327777 0.000575475
          69    0.032028   0.0327668 0.000567177
          70   0.0345093   0.0327917  0.00055957
          71   0.0428587   0.0329335 0.000569563
          72   0.0374653   0.0329964 0.000565113
          73   0.0390147   0.0330789 0.000563382
          74   0.0261613   0.0329854 0.000563525
          75   0.0289307   0.0329313 0.000558583
          76   0.0292893   0.0328834 0.000553263
          77   0.0354947   0.0329173 0.000547083
          78   0.0251573   0.0328178 0.000549111
          79   0.0354213   0.0328508 0.000543116
          80     0.03326   0.0328559 0.000536309
          81   0.0226493   0.0327299 0.000544429
          82   0.0359027   0.0327686 0.000539139
          83   0.0311413    0.032749 0.000532964
          84   0.0398133   0.0328331 0.000533255
          85   0.0390587   0.0329063  0.00053201
          86    0.035412   0.0329355 0.000526594
          87    0.032548    0.032931 0.000520525
          88   0.0307973   0.0329068 0.000515147
          89   0.0263947   0.0328336 0.000514554
          90     0.03436   0.0328506 0.000509088
          91   0.0317947    0.032839 0.000503596
          92    0.044256   0.0329631 0.000513319
          93   0.0346907   0.0329816 0.000508109
          94   0.0337427   0.0329897 0.000502739
          95   0.0378173   0.0330405 0.000500008
          96   0.0319907   0.0330296 0.000494893
          97    0.028804    0.032986 0.000491698
          98    0.027992   0.0329351 0.000489316
          99   0.0319133   0.0329248 0.000484458
         100   0.0279307   0.0328748 0.000482182
