           1    0.174743    0.174743           0
           2    0.198916    0.186829   0.0120867
           3    0.220329    0.197996   0.0131678
           4    0.207721    0.200427  0.00962323
           5    0.233303    0.207002  0.00993959
           6    0.194297    0.204885  0.00838734
           7      0.2306    0.208558  0.00798395
           8    0.207949    0.208482  0.00691472
           9    0.195801    0.207073  0.00625887
          10    0.201241     0.20649   0.0056284
          11    0.211409    0.206937  0.00511068
          12    0.213968    0.207523  0.00470204
          13     0.18072    0.205461  0.00479153
          14    0.199437    0.205031  0.00445691
          15    0.210839    0.205418  0.00416718
          16    0.237637    0.207432  0.00438745
          17    0.180543     0.20585  0.00441439
          18    0.208687    0.206008  0.00416491
          19    0.206455    0.206031  0.00393968
          20    0.177763    0.204618  0.00399585
          21     0.20852    0.204804  0.00380535
          22    0.159507    0.202745  0.00417176
          23    0.225417    0.203731  0.00410633
          24    0.227377    0.204716  0.00405309
          25     0.18448    0.203906  0.00397096
          26    0.239377    0.205271  0.00405176
          27      0.1994    0.205053  0.00390487
          28    0.200055    0.204875  0.00376706
          29    0.218873    0.205357  0.00366675
          30    0.226845    0.206074  0.00361411
          31    0.253053    0.207589  0.00380995
          32    0.231236    0.208328  0.00376225
          33    0.156117    0.206746  0.00397491
          34    0.205513     0.20671   0.0038564
          35    0.233116    0.207464  0.00381984
          36    0.171293    0.206459  0.00384579
          37    0.221543    0.206867  0.00376255
          38    0.218187    0.207165   0.0036743
          39    0.244445    0.208121  0.00370431
          40    0.224057    0.208519  0.00363243
          41    0.197932    0.208261  0.00355212
          42    0.201575    0.208102  0.00347017
          43    0.189135    0.207661   0.0034171
          44     0.19644    0.207406  0.00334826
          45    0.186449     0.20694  0.00330597
          46    0.229125    0.207422  0.00326907
          47    0.169291    0.206611  0.00330005
          48    0.186348    0.206189  0.00325803
          49    0.170576    0.205462  0.00327257
          50    0.180065    0.204954  0.00324644
          51     0.20656    0.204986   0.0031823
          52    0.196812    0.204828  0.00312446
          53    0.177117    0.204306  0.00310922
          54    0.174545    0.203754  0.00310047
          55    0.239239      0.2044   0.0031112
          56    0.219475    0.204669  0.00306698
          57    0.174931    0.204147  0.00305753
          58    0.197683    0.204036  0.00300642
          59    0.172385    0.203499  0.00300332
          60    0.181649    0.203135  0.00297521
          61     0.23686    0.203688  0.00297781
          62    0.166577    0.203089  0.00298991
          63    0.211269    0.203219  0.00294493
          64    0.192441    0.203051  0.00290344
          65    0.233631    0.203521  0.00289688
          66    0.197669    0.203433  0.00285403
          67    0.200728    0.203392   0.0028114
          68    0.214407    0.203554  0.00277448
          69    0.216239    0.203738  0.00274014
          70    0.223931    0.204027  0.00271608
          71    0.201371    0.203989  0.00267781
          72    0.184131    0.203713  0.00265472
          73    0.168645    0.203233  0.00266181
          74     0.18454     0.20298  0.00263772
          75    0.181285    0.202691  0.00261834
          76    0.142699    0.201902  0.00270156
          77    0.193003    0.201786  0.00266874
          78    0.196844    0.201723  0.00263507
          79    0.180813    0.201458  0.00261493
          80    0.197955    0.201414  0.00258241
          81    0.158525    0.200885  0.00260471
          82    0.194235    0.200804  0.00257403
          83    0.188777    0.200659  0.00254695
          84    0.194889     0.20059  0.00251739
          85    0.200985    0.200595   0.0024876
          86    0.229892    0.200935  0.00248199
          87    0.194471    0.200861  0.00245442
          88     0.20016    0.200853  0.00242638
          89    0.191977    0.200753  0.00240104
          90    0.206425    0.200816  0.00237505
          91     0.17916    0.200578  0.00236083
          92    0.180245    0.200357  0.00234546
          93    0.202203    0.200377  0.00232019
          94    0.163108    0.199981  0.00232936
          95    0.158837    0.199548  0.00234505
          96    0.218035     0.19974  0.00232847
          97    0.212631    0.199873  0.00230817
          98    0.219115     0.20007  0.00229292
          99    0.214171    0.200212  0.00227411
         100    0.192528    0.200135  0.00225256
