           1    0.247205    0.247205           0
           2    0.250841    0.249023  0.00181785
           3    0.247475    0.248507  0.00116945
           4    0.253112    0.249658  0.00141738
           5     0.25591    0.250908  0.00166393
           6    0.248528    0.250512  0.00141534
           7    0.248801    0.250267  0.00122087
           8    0.253388    0.250657  0.00112698
           9    0.250909    0.250685 0.000994295
          10    0.248298    0.250447 0.000920806
          11    0.248453    0.250265 0.000852383
          12    0.247221    0.250012 0.000818437
          13    0.251544     0.25013 0.000762027
          14    0.252604    0.250306  0.00072731
          15    0.246626    0.250061 0.000720172
          16    0.250855    0.250111 0.000675483
          17    0.246415    0.249893 0.000670721
          18    0.246619    0.249711 0.000658008
          19    0.248314    0.249638 0.000626742
          20    0.249048    0.249608 0.000595311
          21    0.250919    0.249671 0.000569682
          22    0.246456    0.249525 0.000562485
          23    0.250947    0.249586 0.000541022
          24    0.249505    0.249583    0.000518
          25    0.250182    0.249607 0.000497425
          26    0.243392    0.249368 0.000534363
          27     0.24762    0.249303 0.000518252
          28    0.249235    0.249301 0.000499406
          29    0.249353    0.249303 0.000481881
          30    0.244676    0.249148 0.000490416
          31    0.251008    0.249208 0.000478111
          32    0.256133    0.249425 0.000511003
          33    0.247192    0.249357 0.000499876
          34    0.246988    0.249287 0.000489932
          35    0.248595    0.249268 0.000476139
          36    0.250524    0.249302 0.000464038
          37    0.252427    0.249387 0.000459156
          38    0.249204    0.249382 0.000446936
          39    0.248717    0.249365 0.000435659
          40    0.251263    0.249413 0.000427271
          41    0.253328    0.249508 0.000427523
          42    0.251715    0.249561 0.000420516
          43    0.247727    0.249518 0.000412827
          44    0.254735    0.249636 0.000420402
          45    0.252001    0.249689 0.000414298
          46    0.251467    0.249728 0.000407031
          47    0.253287    0.249803 0.000405412
          48     0.25031    0.249814 0.000397017
          49    0.249442    0.249806 0.000388904
          50     0.24941    0.249798 0.000381129
          51    0.245972    0.249723 0.000381042
          52    0.253381    0.249794 0.000380205
          53    0.249755    0.249793 0.000372963
          54     0.25244    0.249842 0.000369259
          55    0.251426    0.249871 0.000363625
          56    0.250981    0.249891 0.000357623
          57    0.245552    0.249815 0.000359445
          58    0.248522    0.249792 0.000353895
          59    0.250053    0.249797 0.000347873
          60    0.250475    0.249808 0.000342213
          61    0.244235    0.249717 0.000348737
          62    0.245556     0.24965 0.000349568
          63    0.247176     0.24961 0.000346208
          64    0.248443    0.249592 0.000341243
          65    0.251426     0.24962 0.000337135
          66     0.25226     0.24966 0.000334388
          67    0.250041    0.249666 0.000329409
          68     0.25066    0.249681 0.000324857
          69    0.249263    0.249674 0.000320172
          70    0.247871    0.249649 0.000316615
          71    0.249106    0.249641 0.000312218
          72    0.244828    0.249574 0.000315024
          73    0.253626     0.24963 0.000315597
          74    0.248907     0.24962 0.000311456
          75    0.250855    0.249636 0.000307716
          76    0.249774    0.249638 0.000303646
          77    0.249332    0.249634 0.000299703
          78    0.248351    0.249618 0.000296293
          79    0.250192    0.249625 0.000292609
          80     0.25179    0.249652 0.000290192
          81    0.248886    0.249643 0.000286743
          82    0.250646    0.249655 0.000283489
          83    0.249257     0.24965 0.000280094
          84    0.252437    0.249683 0.000278721
          85    0.248207    0.249666  0.00027597
          86    0.249587    0.249665 0.000272743
          87    0.250487    0.249674 0.000269756
          88     0.25251    0.249707 0.000268613
          89    0.251937    0.249732 0.000266757
          90    0.251533    0.249752 0.000264534
          91    0.249546    0.249749 0.000261621
          92    0.247634    0.249726 0.000259781
          93    0.255577    0.249789 0.000264562
          94    0.246182    0.249751 0.000264531
          95    0.248693     0.24974 0.000261968
          96    0.250805    0.249751 0.000259463
          97    0.250952    0.249763 0.000257072
          98    0.247119    0.249736 0.000255863
          99    0.253967    0.249779 0.000256844
         100    0.250165    0.249783 0.000254292
