           1    0.317912    0.317912           0
           2     0.32323    0.320571  0.00265905
           3     0.32181    0.320984   0.0015898
           4    0.319807     0.32069  0.00116202
           5     0.31467    0.319486  0.00150322
           6    0.320234    0.319611  0.00123368
           7    0.317148    0.319259  0.00110041
           8    0.320769    0.319448 0.000971489
           9    0.318202    0.319309 0.000867874
          10    0.317112    0.319089 0.000806761
          11    0.315609    0.318773 0.000795388
          12    0.312094    0.318216 0.000914856
          13    0.320002    0.318354 0.000852681
          14    0.318817    0.318387 0.000790123
          15    0.319142    0.318437 0.000737286
          16    0.313689    0.318141 0.000750804
          17    0.313813    0.317886 0.000749784
          18     0.31675    0.317823 0.000709714
          19    0.322359    0.318062 0.000712519
          20    0.313079    0.317813 0.000720412
          21    0.322249    0.318024 0.000717081
          22    0.321597    0.318186 0.000702739
          23    0.318911    0.318218 0.000672228
          24    0.320827    0.318326 0.000652729
          25    0.315515    0.318214 0.000636093
          26    0.318649    0.318231 0.000611367
          27    0.319978    0.318295 0.000591838
          28    0.319114    0.318325 0.000571057
          29    0.316028    0.318245 0.000556676
          30    0.317003    0.318204 0.000539392
          31    0.319421    0.318243 0.000523177
          32    0.316311    0.318183 0.000510152
          33    0.316905    0.318144 0.000495965
          34    0.317109    0.318114 0.000482118
          35    0.316124    0.318057 0.000471581
          36    0.316772    0.318021 0.000459682
          37    0.324686    0.318201 0.000482008
          38    0.318033    0.318197 0.000469173
          39    0.312115    0.318041 0.000482862
          40    0.314192    0.317945  0.00048037
          41    0.316162    0.317901 0.000470521
          42    0.318122    0.317907 0.000459212
          43    0.316902    0.317883 0.000449014
          44    0.324021    0.318023 0.000460333
          45    0.322156    0.318114 0.000459263
          46    0.321872    0.318196 0.000456535
          47    0.314092    0.318109 0.000455172
          48    0.325841     0.31827 0.000473813
          49    0.314779    0.318199 0.000469479
          50    0.319672    0.318228 0.000460936
          51     0.31946    0.318252 0.000452453
          52    0.318458    0.318256 0.000443684
          53     0.32026    0.318294 0.000436872
          54     0.32146    0.318353 0.000432695
          55    0.320372    0.318389 0.000426339
          56     0.31516    0.318332  0.00042261
          57    0.317741    0.318321 0.000415259
          58    0.318288    0.318321 0.000408037
          59    0.315476    0.318273 0.000403949
          60     0.31959    0.318295 0.000397765
          61    0.321871    0.318353 0.000395559
          62    0.323197    0.318431  0.00039689
          63    0.321729    0.318484 0.000394031
          64    0.310773    0.318363  0.00040611
          65    0.317672    0.318352 0.000399955
          66    0.317153    0.318334 0.000394267
          67    0.327096    0.318465 0.000409765
          68    0.310512    0.318348 0.000420297
          69    0.314218    0.318288 0.000418463
          70    0.316949    0.318269 0.000412885
          71    0.318923    0.318278 0.000407133
          72    0.317861    0.318273  0.00040148
          73    0.325661    0.318374 0.000408673
          74    0.321408    0.318415 0.000405192
          75    0.317253    0.318399 0.000400053
          76    0.325839    0.318497  0.00040671
          77    0.323943    0.318568 0.000407576
          78     0.31898    0.318573 0.000402352
          79     0.31557    0.318535 0.000399041
          80    0.323788    0.318601 0.000399454
          81    0.316491    0.318575 0.000395351
          82    0.322595    0.318624 0.000393565
          83    0.319909    0.318639 0.000389102
          84    0.320021    0.318656 0.000384794
          85    0.320928    0.318682 0.000381179
          86    0.314702    0.318636 0.000379553
          87    0.313961    0.318582 0.000378994
          88    0.323432    0.318638 0.000378694
          89    0.326374    0.318724 0.000384374
          90     0.31685    0.318704 0.000380649
          91    0.320346    0.318722 0.000376875
          92    0.318422    0.318718  0.00037277
          93     0.31477    0.318676 0.000371177
          94    0.319434    0.318684 0.000367296
          95    0.318041    0.318677 0.000363472
          96    0.312375    0.318612 0.000365607
          97    0.320077    0.318627 0.000362134
          98    0.316597    0.318606 0.000359017
          99    0.316189    0.318582  0.00035621
         100    0.320242    0.318598 0.000353021
