           1   -0.962227   -0.962227           0
           2   -0.970229   -0.966228  0.00400133
           3   -0.964491   -0.965649  0.00238165
           4   -0.970704   -0.966913  0.00210553
           5   -0.975245   -0.968579   0.0023318
           6   -0.974515   -0.969568  0.00214557
           7   -0.974459   -0.970267  0.00194325
           8   -0.969821   -0.970211  0.00168383
           9   -0.973888    -0.97062  0.00154016
          10   -0.974733   -0.971031  0.00143767
          11   -0.973072   -0.971217  0.00131359
          12   -0.974165   -0.971462  0.00122405
          13   -0.974317   -0.971682  0.00114718
          14    -0.97348    -0.97181  0.00106982
          15   -0.978976   -0.972288  0.00110459
          16   -0.970955   -0.972205   0.0010366
          17   -0.977024   -0.972488  0.00101414
          18   -0.972235   -0.972474 0.000956248
          19   -0.974947   -0.972604 0.000913832
          20   -0.962747   -0.972111 0.000997254
          21   -0.972792   -0.972144 0.000949131
          22    -0.97384   -0.972221 0.000908239
          23   -0.973309   -0.972268 0.000869142
          24   -0.977443   -0.972484 0.000859616
          25    -0.98292   -0.972901 0.000924167
          26    -0.97428   -0.972954 0.000889493
          27   -0.972683   -0.972944 0.000855974
          28   -0.976581   -0.973074 0.000835002
          29   -0.972368    -0.97305 0.000806063
          30   -0.967235   -0.972856 0.000802493
          31   -0.972819   -0.972855 0.000776175
          32   -0.975907    -0.97295 0.000757556
          33     -0.9776   -0.973091 0.000747639
          34   -0.974632   -0.973136  0.00072673
          35   -0.977208   -0.973253 0.000715186
          36   -0.978251   -0.973392 0.000708766
          37   -0.975371   -0.973445 0.000691416
          38   -0.978173   -0.973569 0.000684381
          39   -0.975653   -0.973623  0.00066874
          40   -0.978085   -0.973734 0.000661286
          41    -0.96972   -0.973637 0.000652345
          42   -0.968661   -0.973518 0.000647551
          43   -0.978008   -0.973623 0.000640875
          44      -0.969   -0.973517 0.000634893
          45   -0.968856   -0.973414 0.000629209
          46   -0.977109   -0.973494 0.000620601
          47   -0.975549   -0.973538 0.000608825
          48   -0.972109   -0.973508 0.000596749
          49   -0.975979   -0.973559 0.000586614
          50   -0.974451   -0.973576 0.000575039
          51   -0.968979   -0.973486 0.000570815
          52    -0.98032   -0.973618 0.000574951
          53   -0.969432   -0.973539 0.000569501
          54   -0.972939   -0.973528 0.000558966
          55   -0.973528   -0.973528 0.000548708
          56    -0.97792   -0.973606   0.0005445
          57   -0.980392   -0.973725 0.000547951
          58   -0.973584   -0.973723 0.000538427
          59   -0.972349   -0.973699 0.000529734
          60   -0.974691   -0.973716 0.000521092
          61   -0.980309   -0.973824 0.000523753
          62   -0.972011   -0.973795 0.000516066
          63   -0.977253    -0.97385 0.000510767
          64   -0.983789   -0.974005 0.000526166
          65   -0.973368   -0.973995   0.0005181
          66   -0.972819   -0.973977 0.000510501
          67   -0.974947   -0.973992 0.000503032
          68   -0.969893   -0.973932 0.000499231
          69     -0.9732   -0.973921 0.000492057
          70   -0.973581   -0.973916 0.000485001
          71   -0.973099   -0.973905  0.00047826
          72   -0.974712   -0.973916 0.000471704
          73   -0.967853   -0.973833 0.000472552
          74   -0.972443   -0.973814 0.000466501
          75   -0.977909   -0.973869 0.000463467
          76   -0.975608   -0.973891   0.0004579
          77   -0.970045   -0.973841 0.000454666
          78   -0.979499   -0.973914 0.000454622
          79   -0.972779     -0.9739  0.00044906
          80   -0.975333   -0.973918 0.000443774
          81   -0.975037   -0.973931 0.000438479
          82   -0.973509   -0.973926 0.000433129
          83      -0.974   -0.973927  0.00042788
          84   -0.974656   -0.973936 0.000422844
          85   -0.976165   -0.973962 0.000418662
          86   -0.977363   -0.974002 0.000415651
          87   -0.978512   -0.974053 0.000414104
          88   -0.974555   -0.974059  0.00040941
          89   -0.974899   -0.974069 0.000404894
          90   -0.967011    -0.97399 0.000407978
          91   -0.973387   -0.973984 0.000403524
          92   -0.980475   -0.974054 0.000405302
          93   -0.978189   -0.974099 0.000403379
          94   -0.972859   -0.974085 0.000399283
          95   -0.977936   -0.974126 0.000397131
          96   -0.977643   -0.974162 0.000394676
          97   -0.975557   -0.974177 0.000390851
          98   -0.978531   -0.974221 0.000389385
          99   -0.973795   -0.974217 0.000385456
         100   -0.979285   -0.974268 0.000384933
