           1    0.402689    0.402689           0
           2    0.404816    0.403752  0.00106337
           3    0.385957     0.39782  0.00596356
           4    0.390004    0.395866  0.00464761
           5    0.398582     0.39641  0.00364077
           6    0.390667    0.395452  0.00312298
           7    0.399231    0.395992  0.00269402
           8    0.398306    0.396281  0.00235096
           9    0.391954    0.395801  0.00212837
          10    0.388861    0.395107  0.00202622
          11    0.396644    0.395246  0.00183811
          12    0.390356    0.394839  0.00172675
          13     0.39518    0.394865  0.00158859
          14    0.396911    0.395011    0.001478
          15    0.400019    0.395345  0.00141587
          16    0.393472    0.395228  0.00132958
          17    0.400142    0.395517  0.00128194
          18    0.395366    0.395509  0.00120865
          19    0.397414    0.395609  0.00114766
          20    0.393325    0.395495  0.00109473
          21    0.391554    0.395307  0.00105808
          22     0.39266    0.395187  0.00101599
          23    0.398221    0.395319  0.00097973
          24    0.400498    0.395535 0.000962527
          25    0.397938    0.395631 0.000928214
          26    0.404944    0.395989 0.000961045
          27    0.399115    0.396105 0.000931987
          28    0.393675    0.396018 0.000902268
          29    0.402193    0.396231  0.00089626
          30    0.402782    0.396449 0.000892983
          31    0.399055    0.396533 0.000867777
          32    0.401829    0.396699 0.000856362
          33    0.399963    0.396798 0.000835879
          34    0.400526    0.396907 0.000818302
          35    0.395904    0.396879 0.000795095
          36    0.410187    0.397248 0.000856568
          37    0.405209    0.397463 0.000860432
          38      0.3883    0.397222 0.000871508
          39    0.395195     0.39717 0.000850458
          40    0.395195    0.397121 0.000830393
          41    0.397565    0.397132 0.000809959
          42     0.39028    0.396969 0.000807097
          43     0.39664    0.396961  0.00078814
          44    0.394832    0.396913 0.000771538
          45    0.406139    0.397118 0.000781568
          46    0.399206    0.397163 0.000765736
          47    0.394817    0.397113 0.000750928
          48    0.400144    0.397176 0.000737824
          49    0.390786    0.397046 0.000734284
          50    0.385965    0.396824 0.000752806
          51    0.396129    0.396811 0.000738024
          52    0.399295    0.396858 0.000725267
          53    0.403965    0.396992 0.000723978
          54     0.40243    0.397093 0.000717544
          55    0.402495    0.397191 0.000711193
          56    0.395385    0.397159 0.000699122
          57    0.392984    0.397086 0.000690643
          58    0.397713    0.397097 0.000678717
          59    0.396405    0.397085 0.000667217
          60     0.39065    0.396978 0.000664712
          61    0.411296    0.397212 0.000694588
          62    0.394102    0.397162 0.000685132
          63    0.407623    0.397328 0.000694317
          64    0.403789    0.397429 0.000690797
          65    0.402881    0.397513 0.000685239
          66    0.387186    0.397357  0.00069268
          67    0.394395    0.397312 0.000683693
          68    0.392461    0.397241 0.000677331
          69     0.40254    0.397318 0.000671847
          70    0.400825    0.397368 0.000664072
          71    0.390624    0.397273 0.000661507
          72    0.400091    0.397312 0.000653428
          73    0.402625    0.397385 0.000648512
          74    0.400379    0.397425 0.000640966
          75    0.387974    0.397299 0.000644798
          76    0.395025    0.397269  0.00063696
          77    0.395545    0.397247 0.000629033
          78     0.39375    0.397202 0.000622532
          79    0.392516    0.397143 0.000617458
          80    0.402772    0.397213 0.000613737
          81    0.398497    0.397229  0.00060632
          82     0.39165    0.397161 0.000602733
          83    0.409038    0.397304 0.000612382
          84    0.396076     0.39729 0.000605224
          85    0.403768    0.397366 0.000602899
          86    0.393796    0.397324 0.000597291
          87    0.395767    0.397306 0.000590657
          88    0.395262    0.397283 0.000584368
          89    0.397102    0.397281 0.000577769
          90    0.390564    0.397206 0.000576167
          91    0.401543    0.397254  0.00057179
          92    0.385981    0.397132 0.000578664
          93    0.399848    0.397161 0.000573153
          94    0.404556    0.397239 0.000572455
          95    0.394027    0.397206 0.000567406
          96    0.396112    0.397194 0.000561579
          97    0.402523    0.397249 0.000558468
          98    0.381627     0.39709 0.000575267
          99    0.388743    0.397006 0.000575635
         100    0.401169    0.397047 0.000571369
