           1   -0.462077   -0.462077           0
           2   -0.462723     -0.4624 0.000322667
           3   -0.461317   -0.462039 0.000406135
           4   -0.462165   -0.462071 0.000288909
           5   -0.460629   -0.461782 0.000364937
           6   -0.463261   -0.462029 0.000386707
           7   -0.462557   -0.462104 0.000335433
           8   -0.462075   -0.462101 0.000290517
           9   -0.459043   -0.461761 0.000425551
          10   -0.462872   -0.461872  0.00039651
          11   -0.460656   -0.461761 0.000375307
          12   -0.463515   -0.461908 0.000372458
          13   -0.460907   -0.461831 0.000351156
          14   -0.462483   -0.461877 0.000328427
          15   -0.463317   -0.461973 0.000320469
          16   -0.463157   -0.462047 0.000308773
          17   -0.460872   -0.461978 0.000298166
          18   -0.463027   -0.462036 0.000287086
          19    -0.45988   -0.461923 0.000294317
          20   -0.460765   -0.461865 0.000285149
          21   -0.462275   -0.461884 0.000271931
          22   -0.461584   -0.461871 0.000259636
          23   -0.460179   -0.461797 0.000258769
          24   -0.461707   -0.461793 0.000247782
          25   -0.463643   -0.461867 0.000248909
          26   -0.462883   -0.461906 0.000242311
          27   -0.462384   -0.461924 0.000233833
          28   -0.460891   -0.461887  0.00022833
          29   -0.461435   -0.461872 0.000220868
          30    -0.46108   -0.461845 0.000215005
          31   -0.460792   -0.461811  0.00021071
          32   -0.459803   -0.461749 0.000213457
          33   -0.462317   -0.461766 0.000207604
          34   -0.462843   -0.461797 0.000203881
          35   -0.461933   -0.461801 0.000198009
          36   -0.462072   -0.461809 0.000192577
          37   -0.460987   -0.461787 0.000188613
          38   -0.463947   -0.461843 0.000192181
          39   -0.464355   -0.461908 0.000197954
          40   -0.461352   -0.461894 0.000193441
          41   -0.465259   -0.461976 0.000205741
          42   -0.461725    -0.46197 0.000200871
          43   -0.463349   -0.462002 0.000198749
          44   -0.461453    -0.46199  0.00019458
          45    -0.46072   -0.461961 0.000192288
          46   -0.462429   -0.461972 0.000188336
          47   -0.460493    -0.46194  0.00018695
          48   -0.463285   -0.461968 0.000185147
          49   -0.461483   -0.461958   0.0001816
          50   -0.463192   -0.461983 0.000179634
          51   -0.462131   -0.461986   0.0001761
          52   -0.461877   -0.461984 0.000172693
          53   -0.462275   -0.461989 0.000169492
          54   -0.462235   -0.461994 0.000166386
          55   -0.459981   -0.461957 0.000167381
          56   -0.461043   -0.461941 0.000165174
          57   -0.462981   -0.461959 0.000163274
          58   -0.462981   -0.461977 0.000161399
          59   -0.461709   -0.461972 0.000158705
          60   -0.461853    -0.46197  0.00015605
          61   -0.463123   -0.461989 0.000154629
          62   -0.463869   -0.462019 0.000155108
          63   -0.463453   -0.462042 0.000154314
          64   -0.463848    -0.46207 0.000154482
          65   -0.461973   -0.462069 0.000152094
          66   -0.461667   -0.462063 0.000149896
          67   -0.461157   -0.462049 0.000148259
          68   -0.459968   -0.462019 0.000149235
          69   -0.459979   -0.461989 0.000149999
          70   -0.461619   -0.461984 0.000147935
          71   -0.462219   -0.461987 0.000145874
          72   -0.461427   -0.461979 0.000144045
          73   -0.460749   -0.461963 0.000143053
          74   -0.459773   -0.461933 0.000144175
          75   -0.459835   -0.461905 0.000144965
          76   -0.459376   -0.461872 0.000146864
          77   -0.462429   -0.461879 0.000145125
          78     -0.4614   -0.461873 0.000143384
          79   -0.463939   -0.461899 0.000143952
          80   -0.461701   -0.461896 0.000142163
          81   -0.463851   -0.461921 0.000142455
          82   -0.461896    -0.46192 0.000140707
          83   -0.463696   -0.461942 0.000140638
          84   -0.463595   -0.461961 0.000140341
          85   -0.460379   -0.461943 0.000139924
          86   -0.462149   -0.461945 0.000138308
          87   -0.461464    -0.46194 0.000136821
          88   -0.462941   -0.461951 0.000135736
          89   -0.461669   -0.461948 0.000134239
          90   -0.462685   -0.461956 0.000132992
          91   -0.464403   -0.461983 0.000134242
          92   -0.461851   -0.461981 0.000132783
          93   -0.463213   -0.461995 0.000132014
          94   -0.462736   -0.462003 0.000130839
          95   -0.462987   -0.462013 0.000129869
          96   -0.460893   -0.462001 0.000129037
          97   -0.460157   -0.461982 0.000129107
          98    -0.46288   -0.461991 0.000128111
          99   -0.463717   -0.462009 0.000128003
         100   -0.462405   -0.462013 0.000126778
