           1    0.294716    0.294716           0
           2    0.297859    0.296287  0.00157139
           3     0.29259    0.295055  0.00153027
           4    0.290731    0.293974  0.00152952
           5    0.293542    0.293888  0.00118791
           6    0.296074    0.294252  0.00103612
           7    0.294661    0.294311  0.00087762
           8    0.292788     0.29412 0.000783509
           9    0.288817    0.293531 0.000908127
          10    0.292929    0.293471 0.000814478
          11    0.292985    0.293427 0.000738045
          12    0.292291    0.293332 0.000680349
          13    0.294425    0.293416 0.000631452
          14    0.298077    0.293749 0.000672766
          15    0.300256    0.294183 0.000761889
          16    0.294728    0.294217 0.000713497
          17    0.291866    0.294079 0.000684329
          18    0.294154    0.294083 0.000645205
          19    0.293871    0.294072 0.000610405
          20    0.297435     0.29424 0.000603005
          21    0.292479    0.294156 0.000579671
          22    0.290729       0.294 0.000574231
          23    0.290924    0.293866 0.000564766
          24    0.295472    0.293933 0.000544845
          25    0.287774    0.293687 0.000577765
          26    0.295481    0.293756 0.000559372
          27    0.300522    0.294007 0.000593726
          28    0.295146    0.294047 0.000573575
          29     0.29918    0.294224 0.000581055
          30    0.295568    0.294269 0.000563138
          31    0.293246    0.294236 0.000545668
          32    0.290259    0.294112 0.000542764
          33    0.293454    0.294092 0.000526437
          34    0.295339    0.294129 0.000512034
          35    0.292347    0.294078 0.000499789
          36    0.289185    0.293942 0.000504367
          37    0.293288    0.293924 0.000490864
          38    0.288248    0.293775  0.00050058
          39     0.29788     0.29388 0.000498812
          40     0.29579    0.293928 0.000488522
          41    0.299561    0.294065 0.000495871
          42      0.2922    0.294021 0.000485953
          43    0.295309    0.294051 0.000475463
          44    0.287879     0.29391 0.000485247
          45    0.297213    0.293984 0.000479985
          46    0.292179    0.293945 0.000471071
          47    0.297269    0.294015 0.000466334
          48    0.291365     0.29396 0.000459843
          49    0.300464    0.294093 0.000469515
          50     0.29189    0.294049 0.000462133
          51    0.288983    0.293949 0.000463742
          52    0.290049    0.293874 0.000460883
          53    0.290253    0.293806 0.000457238
          54    0.295982    0.293846 0.000450497
          55    0.291997    0.293813 0.000443506
          56    0.295378    0.293841  0.00043641
          57    0.291298    0.293796 0.000431001
          58     0.30133    0.293926 0.000442978
          59    0.290577    0.293869 0.000439089
          60    0.294182    0.293874 0.000431741
          61    0.293492    0.293868  0.00042465
          62    0.297175    0.293922 0.000421135
          63    0.294383    0.293929 0.000414462
          64    0.293641    0.293924 0.000407959
          65     0.29578    0.293953 0.000402647
          66    0.297639    0.294009 0.000400413
          67    0.295605    0.294033  0.00039511
          68    0.289005    0.293959 0.000396217
          69     0.29343    0.293951 0.000390507
          70    0.295437    0.293972 0.000385473
          71    0.290202    0.293919 0.000383698
          72    0.297647    0.293971 0.000381858
          73    0.293882     0.29397 0.000376592
          74    0.294385    0.293975 0.000371511
          75    0.290946    0.293935 0.000368742
          76    0.291034    0.293897 0.000365855
          77    0.295918    0.293923 0.000362026
          78    0.292772    0.293908 0.000357658
          79    0.297446    0.293953  0.00035593
          80    0.293524    0.293948 0.000351494
          81    0.298182       0.294 0.000351041
          82    0.296906    0.294035 0.000348541
          83    0.294035    0.294035 0.000344316
          84    0.292134    0.294013 0.000340945
          85     0.29048    0.293971 0.000339463
          86    0.294314    0.293975 0.000335517
          87    0.295803    0.293996 0.000332303
          88    0.289608    0.293946 0.000332268
          89    0.295558    0.293964 0.000329013
          90    0.291715    0.293939 0.000326295
          91     0.29994    0.294005 0.000329357
          92    0.292469    0.293989 0.000326185
          93    0.299048    0.294043 0.000327212
          94    0.287095    0.293969 0.000332043
          95    0.288835    0.293915 0.000332945
          96    0.292915    0.293905 0.000329624
          97    0.294183    0.293908  0.00032622
          98    0.291765    0.293886 0.000323614
          99    0.289806    0.293844 0.000322968
         100    0.297443     0.29388  0.00032174
