           1    0.661589    0.661589           0
           2    0.614153    0.637871    0.023718
           3    0.709073    0.661605    0.027401
           4    0.611104     0.64898   0.0231259
           5    0.629792    0.645142   0.0183197
           6    0.828665     0.67573   0.0340487
           7    0.728335    0.683245   0.0297415
           8    0.584835    0.670943   0.0285436
           9    0.640264    0.667535   0.0254029
          10    0.647761    0.665557   0.0228069
          11    0.741999    0.672506   0.0217686
          12    0.728273    0.677154   0.0204081
          13    0.691203    0.678234   0.0188038
          14    0.695419    0.679462   0.0174522
          15    0.627335    0.675987   0.0166146
          16    0.744696    0.680281   0.0161239
          17    0.721247    0.682691   0.0153363
          18    0.746997    0.686263    0.014894
          19    0.588625    0.681124   0.0149963
          20    0.730504    0.683593   0.0144394
          21    0.642719    0.681647   0.0138718
          22    0.666117    0.680941   0.0132451
          23    0.811769    0.686629   0.0138756
          24    0.628355    0.684201   0.0135049
          25      0.7047    0.685021   0.0129794
          26    0.757991    0.687828   0.0127821
          27    0.648072    0.686355   0.0123874
          28    0.618831    0.683944    0.012178
          29    0.695671    0.684348   0.0117575
          30    0.641128    0.682907   0.0114498
          31     0.71072    0.683805   0.0111106
          32    0.625791    0.681992   0.0109095
          33    0.681211    0.681968   0.0105738
          34    0.676843    0.681817   0.0102592
          35    0.611711    0.679814   0.0101611
          36    0.750341    0.681773   0.0100673
          37     0.60984    0.679829  0.00998257
          38    0.766789    0.682118  0.00998218
          39    0.652369    0.681355  0.00975273
          40    0.586619    0.678986  0.00979639
          41    0.731665    0.680271  0.00964047
          42    0.670589    0.680041  0.00941096
          43    0.738824    0.681408  0.00929062
          44    0.720375    0.682293  0.00912012
          45    0.621083    0.680933  0.00901832
          46    0.629941    0.679825  0.00888948
          47    0.749532    0.681308  0.00882382
          48    0.692463     0.68154  0.00864116
          49    0.662067    0.681143   0.0084723
          50    0.697363    0.681467  0.00830746
          51    0.686541    0.681567  0.00814355
          52    0.693115    0.681789  0.00798849
          53    0.568563    0.679652   0.0081223
          54    0.687641      0.6798  0.00797184
          55    0.539492    0.677249  0.00823087
          56    0.742032    0.678406  0.00816492
          57    0.699356    0.678774  0.00802882
          58    0.736499    0.679769  0.00795171
          59     0.64948    0.679256  0.00783261
          60    0.733749    0.680164  0.00775433
          61    0.592023    0.678719  0.00776183
          62    0.621572    0.677797  0.00769105
          63    0.721519    0.678491  0.00759974
          64    0.633525    0.677788  0.00751297
          65    0.721307    0.678458  0.00742673
          66    0.648127    0.677998  0.00732776
          67    0.595269    0.676764  0.00732242
          68    0.573639    0.675247  0.00737162
          69    0.553753    0.673486  0.00747435
          70     0.71718    0.674111   0.0073932
          71    0.661952    0.673939  0.00729034
          72    0.600055    0.672913  0.00726125
          73    0.648443    0.672578  0.00716893
          74    0.713871    0.673136  0.00709337
          75    0.641173     0.67271  0.00701112
          76    0.544179    0.671019  0.00712196
          77    0.560947    0.669589  0.00717275
          78    0.745433    0.670561  0.00714665
          79    0.643345    0.670217  0.00706402
          80    0.766047    0.671415  0.00707727
          81    0.778745     0.67274  0.00711384
          82    0.663997    0.672633  0.00702736
          83    0.585104    0.671579  0.00702182
          84    0.653379    0.671362  0.00694111
          85    0.705872    0.671768  0.00687097
          86    0.778708    0.673011  0.00690352
          87    0.573492    0.671868  0.00691892
          88    0.599889     0.67105  0.00688858
          89    0.666968    0.671004  0.00681089
          90    0.653371    0.670808  0.00673764
          91    0.765303    0.671846  0.00674362
          92    0.703801    0.672194  0.00667895
          93    0.724937    0.672761  0.00663104
          94    0.649905    0.672518  0.00656462
          95    0.757836    0.673416  0.00655695
          96    0.677729    0.673461  0.00648844
          97    0.728115    0.674024  0.00644588
          98    0.688689    0.674174  0.00638152
          99    0.658295    0.674013  0.00631877
         100    0.585263    0.673126  0.00631791
