           1   -0.529499   -0.529499           0
           2    -0.52912   -0.529309 0.000189333
           3   -0.526624   -0.528414 0.000901761
           4   -0.528205   -0.528362 0.000639776
           5   -0.529437   -0.528577 0.000540224
           6   -0.528435   -0.528553 0.000441729
           7   -0.526731   -0.528293 0.000455162
           8   -0.528309   -0.528295 0.000394188
           9   -0.527056   -0.528157 0.000373907
          10   -0.527299   -0.528071  0.00034528
          11   -0.528952   -0.528152 0.000322412
          12   -0.529717   -0.528282 0.000321949
          13   -0.527923   -0.528254 0.000297437
          14   -0.529488   -0.528342 0.000289128
          15   -0.528451    -0.52835  0.00026926
          16   -0.529523   -0.528423 0.000262322
          17   -0.527141   -0.528348 0.000257685
          18   -0.527835   -0.528319 0.000244613
          19   -0.528032   -0.528304 0.000231874
          20   -0.528411   -0.528309 0.000220039
          21   -0.526768   -0.528236 0.000221795
          22   -0.529621   -0.528299  0.00022065
          23   -0.528339   -0.528301 0.000210846
          24   -0.529224   -0.528339 0.000205503
          25   -0.529824   -0.528399 0.000205866
          26   -0.528728   -0.528411 0.000198195
          27   -0.528165   -0.528402 0.000190931
          28   -0.529971   -0.528458 0.000192325
          29   -0.527712   -0.528432  0.00018735
          30    -0.52804   -0.528419 0.000181469
          31   -0.528536   -0.528423 0.000175558
          32   -0.528837   -0.528436 0.000170476
          33   -0.528877   -0.528449 0.000165769
          34   -0.530232   -0.528502 0.000169151
          35   -0.529389   -0.528527 0.000166193
          36   -0.527269   -0.528492 0.000165246
          37   -0.528403    -0.52849 0.000160736
          38   -0.526947   -0.528449 0.000161634
          39   -0.530248   -0.528495 0.000164052
          40   -0.528203   -0.528488 0.000160065
          41   -0.530643   -0.528541 0.000164721
          42   -0.524821   -0.528452 0.000183528
          43   -0.526651    -0.52841  0.00018404
          44   -0.529936   -0.528445 0.000183122
          45   -0.529336   -0.528465 0.000180099
          46   -0.528933   -0.528475 0.000176435
          47   -0.528251    -0.52847 0.000172706
          48   -0.527355   -0.528447 0.000170659
          49   -0.529429   -0.528467 0.000168338
          50   -0.528357   -0.528465 0.000164952
          51   -0.528224    -0.52846 0.000161754
          52   -0.528587   -0.528462 0.000158631
          53   -0.527419   -0.528443 0.000156851
          54   -0.529437   -0.528461 0.000155017
          55   -0.526651   -0.528428 0.000155692
          56   -0.527544   -0.528412 0.000153699
          57   -0.529165   -0.528426 0.000151556
          58   -0.529397   -0.528442 0.000149859
          59   -0.527704    -0.52843 0.000147828
          60   -0.528131   -0.528425 0.000145429
          61   -0.527571   -0.528411 0.000143709
          62   -0.527029   -0.528389 0.000143117
          63   -0.529915   -0.528413 0.000142895
          64   -0.528635   -0.528416 0.000140687
          65   -0.528683    -0.52842 0.000138567
          66   -0.528971   -0.528429 0.000136706
          67   -0.528952   -0.528436 0.000134876
          68   -0.528413   -0.528436 0.000132878
          69   -0.526307   -0.528405 0.000134526
          70   -0.527832   -0.528397 0.000132843
          71   -0.528701   -0.528401 0.000131029
          72   -0.527168   -0.528384 0.000130327
          73   -0.528669   -0.528388 0.000128589
          74   -0.527848   -0.528381 0.000127049
          75   -0.529939   -0.528402 0.000127053
          76   -0.530429   -0.528428 0.000128177
          77   -0.529235   -0.528439 0.000126935
          78   -0.528139   -0.528435 0.000125356
          79   -0.528512   -0.528436 0.000123763
          80   -0.528808   -0.528441 0.000122294
          81   -0.527816   -0.528433 0.000121021
          82   -0.528904   -0.528439 0.000119674
          83   -0.529555   -0.528452 0.000118985
          84   -0.530725   -0.528479 0.000120635
          85   -0.528149   -0.528475 0.000119271
          86   -0.527224   -0.528461  0.00011877
          87   -0.528141   -0.528457 0.000117454
          88    -0.52856   -0.528458 0.000116118
          89   -0.527168   -0.528444 0.000115717
          90   -0.526152   -0.528418 0.000117223
          91   -0.529325   -0.528428 0.000116356
          92   -0.530272   -0.528448 0.000116816
          93   -0.528523   -0.528449 0.000115556
          94   -0.527333   -0.528437 0.000114935
          95   -0.529531   -0.528449 0.000114299
          96    -0.52744   -0.528438  0.00011359
          97   -0.525221   -0.528405 0.000117202
          98    -0.52704   -0.528391 0.000116833
          99   -0.528787   -0.528395 0.000115716
         100   -0.528037   -0.528391 0.000114609
