           1     4.54372     4.54372           0
           2     4.36582     4.45477   0.0889478
           3      4.4264     4.44531   0.0522175
           4     4.48042     4.45409    0.037952
           5     4.51033     4.46534   0.0314756
           6     4.35869     4.44756   0.0312475
           7     4.21649     4.41455   0.0422744
           8     4.54674     4.43108   0.0401667
           9     4.51111     4.43997   0.0365229
          10     4.28744     4.42472   0.0360526
          11     4.37041     4.41978   0.0329824
          12     4.70449      4.4435   0.0383333
          13     4.53817     4.45079   0.0360056
          14     4.63054     4.46363    0.035722
          15     4.30043     4.45275   0.0349899
          16     4.40382     4.44969   0.0328725
          17     4.34738     4.44367   0.0314594
          18     4.61166       4.453   0.0310938
          19     4.40837     4.45065   0.0295054
          20      4.4501     4.45063   0.0279913
          21     4.27256     4.44215   0.0279426
          22     4.44074     4.44208   0.0266423
          23     4.67956     4.45241   0.0274718
          24     4.40229     4.45032    0.026385
          25     4.17234      4.4392   0.0276425
          26     4.30089     4.43388   0.0270856
          27     4.34667     4.43065   0.0262625
          28     4.61897     4.43738   0.0261856
          29     4.27665     4.43183   0.0258672
          30     4.34873     4.42906   0.0251432
          31     4.53666     4.43253    0.024565
          32     4.49581     4.43451    0.023867
          33     4.30259     4.43051   0.0234754
          34      4.6639     4.43738   0.0237865
          35     4.25711     4.43223   0.0236642
          36     4.28301     4.42808    0.023368
          37     4.20685      4.4221   0.0235011
          38     4.46724     4.42329   0.0229051
          39     4.41282     4.42302   0.0223117
          40     4.50101     4.42497   0.0218339
          41     4.42573     4.42499   0.0212948
          42     4.33934     4.42295   0.0208814
          43     4.44822     4.42354   0.0203985
          44     4.44534     4.42403   0.0199356
          45     4.62406     4.42848   0.0199881
          46      4.2668     4.42497   0.0198622
          47     4.57362     4.42813   0.0196907
          48     4.38568     4.42724   0.0192964
          49     4.43409     4.42738    0.018899
          50     4.32044     4.42524   0.0186402
          51     4.57402     4.42816   0.0185025
          52     4.64598     4.43235   0.0186205
          53     4.38186      4.4314   0.0182906
          54     4.48853     4.43246   0.0179798
          55     4.47023     4.43314   0.0176632
          56     4.49391     4.43423   0.0173789
          57     4.31401     4.43212   0.0172011
          58     4.53434     4.43388   0.0169935
          59     4.18971     4.42974   0.0172081
          60     4.53631     4.43152   0.0170118
          61     4.40737     4.43112   0.0167353
          62     4.39529     4.43054   0.0164733
          63     4.33134     4.42897    0.016286
          64     4.60078     4.43165   0.0162528
          65     4.52975     4.43316   0.0160718
          66     4.50938     4.43432   0.0158685
          67     4.23367     4.43132   0.0159141
          68     4.13555     4.42697   0.0162705
          69     4.23807     4.42424   0.0162651
          70     4.35848      4.4233   0.0160585
          71     4.13379     4.41922   0.0163474
          72     4.39237     4.41885   0.0161231
          73     4.42429     4.41892   0.0159009
          74     4.43373     4.41912   0.0156858
          75     4.26777      4.4171   0.0156063
          76     4.35942     4.41634   0.0154182
          77     4.23822     4.41403   0.0153915
          78     4.45385     4.41454   0.0152015
          79     4.60275     4.41692   0.0151957
          80     4.50746     4.41806   0.0150472
          81     4.08652     4.41396   0.0154136
          82     4.28014     4.41233   0.0153117
          83     4.39517     4.41212   0.0151275
          84     4.36113     4.41152   0.0149587
          85     4.17553     4.40874   0.0150401
          86     4.43104       4.409   0.0148665
          87     4.30066     4.40775   0.0147473
          88     4.63442     4.41033   0.0148045
          89     4.37608     4.40995   0.0146423
          90     4.48384     4.41077   0.0145019
          91     4.46223     4.41133   0.0143528
          92     4.47677     4.41204   0.0142138
          93     4.27404     4.41056   0.0141382
          94     4.24554      4.4088   0.0140967
          95     4.43295     4.40906   0.0139499
          96     4.59682     4.41101   0.0139417
          97     4.50493     4.41198   0.0138311
          98     4.43477     4.41221   0.0136912
          99     4.45144     4.41261    0.013558
         100     4.37175      4.4122    0.013428
