           1    0.423703    0.423703           0
           2    0.515399    0.469551    0.045848
           3    0.427684    0.455595   0.0299239
           4    0.480755    0.461885   0.0220744
           5    0.487671    0.467042   0.0178596
           6    0.487516    0.470454   0.0149762
           7    0.448497    0.467318   0.0130401
           8    0.472461    0.467961   0.0113113
           9    0.448165    0.465761   0.0102153
          10    0.502525    0.469438  0.00984872
          11     0.44378    0.467105   0.0092088
          12    0.419765     0.46316  0.00928608
          13    0.484619    0.464811  0.00869998
          14    0.441205    0.463125   0.0082292
          15    0.476456    0.464013  0.00771235
          16    0.399787    0.459999  0.00825584
          17    0.434156    0.458479   0.0079026
          18    0.443041    0.457621  0.00749985
          19    0.417233    0.455496  0.00740577
          20    0.493399    0.457391  0.00727685
          21    0.465249    0.457765  0.00693177
          22    0.392059    0.454778  0.00725268
          23    0.503365    0.456891  0.00724499
          24    0.399169    0.454486  0.00734167
          25    0.383416    0.451643  0.00759405
          26    0.372553    0.448601  0.00790485
          27     0.46442    0.449187  0.00762898
          28    0.464688    0.449741  0.00737228
          29    0.438563    0.449355  0.00712396
          30    0.433997    0.448843  0.00690141
          31    0.421757     0.44797  0.00673201
          32    0.465876    0.448529  0.00654222
          33    0.533211    0.451095  0.00684044
          34    0.454041    0.451182  0.00663676
          35    0.429583    0.450565  0.00647383
          36    0.355733    0.447931  0.00682065
          37    0.413179    0.446991   0.0066999
          38    0.486237    0.448024  0.00660248
          39    0.442209    0.447875  0.00643269
          40    0.428032    0.447379  0.00628941
          41    0.518037    0.449102  0.00637158
          42    0.414377    0.448275  0.00627275
          43    0.481673    0.449052  0.00617419
          44    0.418309    0.448353  0.00607256
          45    0.513448      0.4498  0.00610979
          46    0.430624    0.449383  0.00599002
          47    0.513008    0.450737  0.00601548
          48    0.454067    0.450806  0.00588924
          49    0.460327    0.451001  0.00577107
          50    0.447627    0.450933  0.00565487
          51    0.452793     0.45097    0.005543
          52     0.40778    0.450139  0.00549845
          53    0.391613    0.449035  0.00550559
          54    0.504289    0.450058  0.00549872
          55     0.46002    0.450239  0.00540085
          56    0.449675    0.450229  0.00530354
          57    0.457464    0.450356  0.00521121
          58    0.366861    0.448916  0.00531908
          59    0.460792    0.449118  0.00523202
          60    0.436016    0.448899  0.00514872
          61    0.386763    0.447881  0.00516505
          62      0.4606    0.448086   0.0050852
          63    0.436705    0.447905  0.00500709
          64    0.481216    0.448426  0.00495564
          65    0.493604    0.449121  0.00492807
          66    0.465951    0.449376  0.00485952
          67    0.505768    0.450217  0.00485988
          68    0.433228    0.449968  0.00479439
          69    0.443269     0.44987  0.00472539
          70    0.391927    0.449043  0.00473039
          71    0.476488    0.449429  0.00467928
          72    0.375505    0.448403  0.00472669
          73     0.51128    0.449264   0.0047404
          74    0.465043    0.449477  0.00468076
          75    0.445093    0.449419   0.0046183
          76    0.425021    0.449098  0.00456842
          77    0.439528    0.448973  0.00451041
          78    0.421915    0.448626  0.00446571
          79    0.397385    0.447978  0.00445627
          80    0.454361    0.448058  0.00440094
          81     0.46744    0.448297  0.00435285
          82    0.472184    0.448588   0.0043093
          83    0.450743    0.448614  0.00425714
          84    0.444717    0.448568  0.00420641
          85    0.485896    0.449007  0.00417976
          86    0.431767    0.448806  0.00413574
          87    0.501285     0.44941  0.00413219
          88    0.467393    0.449614  0.00409007
          89    0.469883    0.449842  0.00405026
          90    0.378172    0.449045  0.00408341
          91    0.375072    0.448233  0.00411929
          92    0.482671    0.448607  0.00409143
          93    0.447943      0.4486   0.0040472
          94    0.471215     0.44884  0.00401113
          95    0.494487    0.449321  0.00399767
          96    0.473543    0.449573  0.00396384
          97    0.355049    0.448599  0.00404199
          98    0.413332    0.448239  0.00401669
          99    0.454261      0.4483  0.00397637
         100     0.47234     0.44854  0.00394374
