           1     67.4492     67.4492           0
           2     75.4133     71.4312     3.98205
           3     69.4042     70.7556     2.39627
           4     75.3866     71.9133     2.05219
           5     81.7287     73.8764     2.52597
           6     78.3351     74.6195     2.19223
           7     79.0167     75.2477     1.95637
           8     76.0517     75.3482     1.69724
           9     79.4965     75.8091     1.56619
          10     79.1913     76.1473     1.44109
          11     78.3438      76.347     1.31872
          12     79.6733     76.6242     1.23532
          13     78.4126     76.7618     1.14463
          14     78.5081     76.8865     1.06704
          15     83.2965     77.3138     1.08138
          16     75.6916     77.2125      1.0166
          17     81.5095     77.4652     0.98782
          18     77.7865     77.4831    0.931497
          19     80.6401     77.6492    0.896638
          20     67.7924     77.1564    0.983086
          21     77.1558     77.1564    0.935101
          22     78.3753     77.2118    0.893304
          23     77.8362     77.2389    0.854013
          24     83.0976      77.483    0.853317
          25      87.519     77.8845    0.911621
          26     79.4517     77.9447    0.877929
          27     77.3113     77.9213    0.845113
          28     82.1532     78.0724    0.828278
          29     77.1274     78.0398     0.79987
          30     72.6334     77.8596    0.793484
          31     77.6352     77.8524    0.767495
          32     80.4682     77.9341    0.747607
          33     83.9107     78.1152    0.746888
          34     80.6102     78.1886    0.728294
          35     81.5657     78.2851    0.713732
          36     82.2921     78.3964    0.702497
          37     80.0002     78.4398     0.68462
          38     82.3158     78.5418    0.674121
          39     81.4074     78.6152    0.660707
          40     82.9442     78.7235    0.653008
          41     75.4422     78.6434    0.641891
          42     72.9909     78.5088    0.640716
          43     83.7311     78.6303    0.637317
          44     74.8231     78.5438    0.628647
          45     73.6732     78.4355    0.623977
          46      81.688     78.5062    0.614344
          47     80.3895     78.5463    0.602465
          48     77.1258     78.5167    0.590522
          49     80.8197     78.5637    0.580252
          50     79.7195     78.5868    0.568998
          51     74.0058      78.497    0.564916
          52      85.989     78.6411    0.572376
          53     74.0254      78.554    0.568187
          54     78.2038     78.5475    0.557603
          55     77.7307     78.5327    0.547572
          56     83.1093     78.6144    0.543881
          57     85.1845     78.7296    0.546547
          58     78.4783     78.7253    0.537058
          59     77.5099     78.7047    0.528279
          60      79.984      78.726    0.519837
          61     85.0809     78.8302     0.52175
          62     76.9294     78.7996    0.514181
          63      82.463     78.8577    0.509284
          64     89.4855     79.0238    0.528053
          65     77.4294     78.9992    0.520444
          66     78.0996     78.9856     0.51268
          67      79.915     78.9995     0.50516
          68     74.4874     78.9331     0.50208
          69     77.9463     78.9188    0.494957
          70     77.5291      78.899    0.488238
          71     78.4521     78.8927    0.481354
          72     79.2891     78.8982    0.474653
          73     73.6662     78.8265    0.473561
          74     76.8899     78.8003     0.46785
          75     82.8732     78.8546    0.464753
          76     80.7841       78.88      0.4593
          77     73.7983      78.814    0.458075
          78     83.2734     78.8712    0.455764
          79     78.1924     78.8626     0.45004
          80     79.3797     78.8691    0.444425
          81     79.8798     78.8816    0.439082
          82     78.7441     78.8799    0.433697
          83     80.0006     78.8934    0.428653
          84     78.6093       78.89    0.423533
          85     80.5951     78.9101    0.419001
          86     82.5584     78.9525    0.416267
          87     82.1646     78.9894    0.413108
          88     79.7525     78.9981    0.408479
          89     79.7359     79.0064    0.403948
          90     71.8446     78.9268    0.407284
          91     78.3971      78.921    0.402825
          92     85.1634     78.9888    0.404159
          93     83.4074     79.0363    0.402603
          94     77.4366     79.0193     0.39866
          95      83.343     79.0648    0.397059
          96     81.5959     79.0912    0.393785
          97     80.9247     79.1101    0.390162
          98     82.4135     79.1438    0.387629
          99      78.066     79.1329    0.383848
         100     83.5162     79.1767    0.382509
