           1    0.044156    0.044156           0
           2   0.0398693   0.0420127  0.00214333
           3   0.0440773   0.0427009  0.00141596
           4   0.0540893    0.045548  0.00301803
           5    0.051164   0.0466712  0.00259359
           6   0.0454907   0.0464744  0.00212677
           7    0.035444   0.0448987  0.00239038
           8   0.0395613   0.0442315  0.00217498
           9   0.0465347   0.0444874  0.00193515
          10    0.059088   0.0459475  0.00226442
          11   0.0440893   0.0457785   0.0020552
          12   0.0425947   0.0455132   0.0018948
          13   0.0525667   0.0460558  0.00182546
          14    0.057052   0.0468412  0.00186365
          15    0.058928    0.047647  0.00191295
          16    0.050712   0.0478386  0.00179963
          17   0.0505013   0.0479952   0.0016977
          18    0.048932   0.0480473  0.00160145
          19    0.048656   0.0480793  0.00151516
          20   0.0534987   0.0483503  0.00146272
          21      0.0606   0.0489336  0.00150866
          22    0.049844    0.048975  0.00143905
          23   0.0580813   0.0493709  0.00143092
          24     0.05092   0.0494354  0.00137152
          25   0.0514213   0.0495149  0.00131791
          26   0.0503067   0.0495453  0.00126658
          27    0.050184    0.049569  0.00121899
          28     0.05064   0.0496072  0.00117527
          29      0.0545    0.049776  0.00114651
          30   0.0614253   0.0501643  0.00117373
          31    0.056376   0.0503646  0.00115278
          32    0.053356   0.0504581  0.00112008
          33   0.0494053   0.0504262  0.00108608
          34   0.0538027   0.0505255  0.00105832
          35    0.058312    0.050748  0.00105144
          36    0.030528   0.0501863  0.00116601
          37   0.0442867   0.0500269  0.00114522
          38   0.0529413   0.0501036  0.00111731
          39    0.055836   0.0502506  0.00109816
          40    0.050584   0.0502589  0.00107039
          41     0.04182   0.0500531  0.00106405
          42    0.047304   0.0499876  0.00104047
          43   0.0451467    0.049875   0.0010222
          44    0.044644   0.0497562  0.00100575
          45    0.057248   0.0499226 0.000997144
          46   0.0533053   0.0499962 0.000977995
          47   0.0435187   0.0498584 0.000966833
          48   0.0562533   0.0499916 0.000955808
          49    0.045204   0.0498939 0.000941183
          50    0.044644   0.0497889 0.000928126
          51   0.0558493   0.0499077 0.000917474
          52   0.0451627   0.0498165 0.000904273
          53   0.0562453   0.0499378 0.000895302
          54   0.0480453   0.0499027 0.000879265
          55   0.0523893   0.0499479 0.000864313
          56   0.0478027   0.0499096 0.000849603
          57   0.0454947   0.0498322 0.000838151
          58   0.0512853   0.0498572 0.000823954
          59   0.0582587   0.0499996 0.000822292
          60    0.059048   0.0501504 0.000822416
          61   0.0422107   0.0500203 0.000819227
          62   0.0556893   0.0501117 0.000811076
          63   0.0465667   0.0500554 0.000800079
          64   0.0560733   0.0501495 0.000793073
          65   0.0535427   0.0502017  0.00078252
          66   0.0549067   0.0502729 0.000773863
          67    0.048816   0.0502512 0.000762535
          68   0.0464293    0.050195 0.000753337
          69   0.0450013   0.0501197 0.000746145
          70   0.0460333   0.0500614 0.000737722
          71      0.0507   0.0500703 0.000727313
          72    0.053108   0.0501125  0.00071838
          73    0.053112   0.0501536 0.000709662
          74   0.0412013   0.0500326 0.000710383
          75    0.053264   0.0500757  0.00070217
          76    0.059988   0.0502062 0.000705038
          77   0.0461013   0.0501528 0.000697861
          78   0.0438573   0.0500721 0.000693568
          79    0.047452    0.050039 0.000685535
          80   0.0520693   0.0500644 0.000677387
          81   0.0509187   0.0500749 0.000669055
          82   0.0550493   0.0501356 0.000663624
          83   0.0349813    0.049953  0.00068053
          84   0.0430453   0.0498707  0.00067739
          85   0.0457773   0.0498226 0.000671103
          86   0.0552507   0.0498857  0.00066625
          87   0.0504787   0.0498925 0.000658583
          88   0.0462813   0.0498515 0.000652348
          89    0.053624   0.0498939 0.000646368
          90   0.0524653   0.0499224 0.000639784
          91   0.0481653   0.0499031 0.000633009
          92   0.0585787   0.0499974 0.000633152
          93    0.046616   0.0499611 0.000627362
          94   0.0494333   0.0499555 0.000620677
          95   0.0442467   0.0498954 0.000617042
          96    0.057032   0.0499697 0.000615089
          97   0.0501133   0.0499712 0.000608717
          98   0.0620333   0.0500943 0.000614918
          99   0.0609493   0.0502039 0.000618472
         100   0.0476733   0.0501786 0.000612779
