           1   -0.503981   -0.503981           0
           2   -0.503664   -0.503823 0.000158667
           3   -0.504517   -0.504054 0.000249017
           4    -0.50404   -0.504051 0.000176118
           5   -0.504069   -0.504054 0.000136471
           6   -0.503765   -0.504006 0.000121398
           7   -0.504896   -0.504133 0.000163352
           8    -0.50432   -0.504157 0.000143379
           9   -0.504909    -0.50424 0.000151601
          10   -0.504851   -0.504301 0.000148701
          11   -0.503979   -0.504272 0.000137666
          12   -0.505464   -0.504371 0.000160189
          13   -0.504555   -0.504385 0.000148026
          14   -0.506312   -0.504523 0.000194212
          15   -0.504595   -0.504528 0.000180865
          16   -0.505565   -0.504593 0.000181184
          17   -0.505635   -0.504654 0.000180894
          18   -0.505624   -0.504708 0.000178861
          19   -0.503885   -0.504665 0.000174636
          20   -0.504187   -0.504641 0.000167388
          21   -0.502859   -0.504556 0.000180419
          22   -0.505104   -0.504581 0.000173818
          23   -0.504325    -0.50457  0.00016646
          24   -0.505552   -0.504611 0.000164546
          25   -0.504304   -0.504598 0.000158302
          26   -0.502997   -0.504537 0.000164084
          27   -0.506733   -0.504618 0.000177618
          28   -0.505797    -0.50466 0.000176262
          29   -0.504877   -0.504668  0.00017024
          30   -0.505963   -0.504711 0.000170038
          31   -0.504461   -0.504703 0.000164658
          32   -0.503723   -0.504672 0.000162345
          33   -0.502699   -0.504612  0.00016833
          34   -0.505168   -0.504629  0.00016412
          35   -0.504264   -0.504618 0.000159702
          36   -0.506091   -0.504659 0.000160501
          37   -0.506032   -0.504696 0.000160452
          38   -0.501419    -0.50461 0.000178408
          39   -0.504651   -0.504611 0.000173776
          40   -0.504275   -0.504603 0.000169585
          41   -0.502971   -0.504563 0.000170119
          42   -0.502699   -0.504518  0.00017185
          43   -0.505344   -0.504538 0.000168901
          44   -0.505672   -0.504563 0.000167019
          45   -0.505875   -0.504593 0.000165845
          46   -0.504907   -0.504599 0.000162344
          47   -0.506581   -0.504642 0.000164354
          48   -0.502579   -0.504599 0.000166534
          49   -0.506235   -0.504632 0.000166483
          50   -0.503093   -0.504601 0.000165996
          51   -0.506021   -0.504629 0.000165075
          52   -0.503979   -0.504617 0.000162351
          53   -0.504685   -0.504618 0.000159264
          54   -0.504995   -0.504625 0.000156443
          55   -0.504816   -0.504628 0.000153611
          56   -0.506293   -0.504658 0.000153745
          57   -0.504901   -0.504662 0.000151084
          58   -0.502141   -0.504619 0.000154689
          59     -0.5056   -0.504635 0.000152951
          60   -0.503971   -0.504624 0.000150788
          61   -0.502712   -0.504593 0.000151573
          62   -0.503371   -0.504573 0.000150406
          63   -0.504976    -0.50458 0.000148137
          64   -0.503248   -0.504559 0.000147282
          65   -0.504797   -0.504563 0.000145044
          66   -0.504915   -0.504568  0.00014293
          67   -0.505437   -0.504581 0.000141377
          68   -0.505768   -0.504598 0.000140372
          69   -0.506816    -0.50463 0.000142008
          70   -0.504819   -0.504633  0.00013999
          71   -0.505253   -0.504642  0.00013828
          72   -0.506269   -0.504665 0.000138207
          73   -0.504864   -0.504667 0.000136328
          74   -0.503544   -0.504652 0.000135327
          75   -0.505587   -0.504665 0.000134091
          76   -0.504984   -0.504669 0.000132382
          77   -0.504251   -0.504663 0.000130764
          78   -0.503184   -0.504644 0.000130462
          79   -0.504576   -0.504643 0.000128803
          80   -0.504944   -0.504647 0.000127238
          81   -0.506184   -0.504666 0.000127082
          82   -0.505336   -0.504674 0.000125788
          83     -0.5028   -0.504652 0.000126299
          84   -0.505029   -0.504656 0.000124867
          85   -0.505619   -0.504668 0.000123908
          86   -0.505099   -0.504673 0.000122561
          87   -0.505563   -0.504683 0.000121575
          88   -0.504837   -0.504685 0.000120198
          89   -0.505589   -0.504695 0.000119274
          90   -0.504584   -0.504694 0.000117948
          91   -0.504496   -0.504691 0.000116665
          92   -0.504709   -0.504692  0.00011539
          93   -0.503933   -0.504683 0.000114433
          94    -0.50524   -0.504689 0.000113364
          95   -0.505392   -0.504697 0.000112408
          96   -0.504947   -0.504699 0.000111261
          97   -0.504891   -0.504701 0.000110126
          98   -0.505717   -0.504712 0.000109488
          99   -0.504544    -0.50471  0.00010839
         100   -0.506504   -0.504728  0.00010879
