           1   -0.804987   -0.804987           0
           2   -0.799677   -0.802332  0.00265467
           3   -0.806451   -0.803705  0.00205765
           4   -0.804141   -0.803814  0.00145906
           5   -0.805784   -0.804208  0.00119689
           6   -0.801827   -0.803811  0.00105478
           7   -0.805237   -0.804015 0.000914437
           8   -0.805416    -0.80419 0.000811062
           9   -0.804221   -0.804193 0.000715298
          10   -0.803883   -0.804162 0.000640536
          11   -0.802603   -0.804021 0.000596485
          12   -0.804176   -0.804034 0.000544668
          13   -0.808531   -0.804379 0.000608844
          14   -0.804187   -0.804366 0.000563849
          15   -0.801376   -0.804166 0.000561481
          16   -0.801573   -0.804004 0.000549654
          17   -0.803531   -0.803976 0.000517061
          18   -0.804629   -0.804013 0.000488837
          19   -0.803173   -0.803969   0.0004645
          20   -0.805099   -0.804025 0.000444271
          21   -0.805315   -0.804086 0.000427025
          22   -0.802917   -0.804033 0.000410606
          23   -0.804587   -0.804057 0.000393084
          24   -0.801133   -0.803936 0.000395579
          25   -0.806301    -0.80403 0.000391049
          26   -0.803683   -0.804017 0.000375945
          27   -0.804987   -0.804053 0.000363532
          28   -0.804283   -0.804061 0.000350405
          29   -0.809624   -0.804253 0.000388734
          30   -0.804475    -0.80426 0.000375626
          31   -0.810771    -0.80447 0.000419641
          32   -0.803552   -0.804442 0.000407327
          33   -0.810032   -0.804611 0.000429604
          34   -0.802803   -0.804558 0.000420157
          35   -0.804515   -0.804556 0.000407977
          36   -0.808901   -0.804677 0.000414445
          37   -0.809184   -0.804799  0.00042109
          38   -0.801803    -0.80472 0.000417375
          39   -0.803077   -0.804678 0.000408708
          40   -0.804899   -0.804684 0.000398398
          41   -0.805843   -0.804712 0.000389587
          42   -0.805845   -0.804739 0.000381154
          43   -0.800728   -0.804646 0.000383695
          44   -0.803451   -0.804618 0.000375855
          45   -0.808808   -0.804711 0.000379021
          46   -0.805893   -0.804737 0.000371579
          47    -0.80424   -0.804727 0.000363741
          48   -0.803656   -0.804704  0.00035678
          49   -0.806035   -0.804731 0.000350476
          50   -0.806176    -0.80476 0.000344609
          51    -0.80436   -0.804752 0.000337875
          52   -0.807568   -0.804807 0.000335709
          53   -0.803576   -0.804783 0.000330131
          54   -0.803517    -0.80476 0.000324808
          55   -0.804827   -0.804761  0.00031885
          56   -0.804784   -0.804762 0.000313104
          57   -0.803003   -0.804731 0.000309106
          58   -0.804848   -0.804733 0.000303737
          59   -0.803048   -0.804704 0.000299907
          60   -0.808651    -0.80477 0.000302113
          61   -0.805173   -0.804777 0.000297193
          62   -0.803451   -0.804755 0.000293141
          63   -0.803869   -0.804741 0.000288793
          64   -0.804712   -0.804741 0.000284245
          65    -0.80732    -0.80478 0.000282638
          66   -0.804675   -0.804779 0.000278327
          67   -0.805739   -0.804793 0.000274515
          68   -0.805261     -0.8048 0.000270536
          69   -0.804517   -0.804796 0.000266618
          70   -0.805485   -0.804806 0.000262966
          71   -0.804483   -0.804801 0.000259276
          72   -0.804413   -0.804796 0.000255706
          73   -0.804461   -0.804791  0.00025222
          74   -0.805029   -0.804794 0.000248809
          75   -0.801547   -0.804751  0.00024926
          76   -0.803139    -0.80473 0.000246872
          77    -0.80244     -0.8047 0.000245453
          78   -0.800744   -0.804649 0.000247537
          79   -0.804581   -0.804649 0.000244385
          80    -0.80348   -0.804634 0.000241753
          81   -0.803715   -0.804623 0.000239019
          82   -0.805707   -0.804636 0.000236456
          83   -0.805403   -0.804645 0.000233773
          84   -0.802528    -0.80462 0.000232344
          85     -0.8074   -0.804653 0.000231912
          86   -0.803451   -0.804639 0.000229625
          87   -0.806517    -0.80466 0.000227996
          88   -0.802667   -0.804638 0.000226525
          89   -0.805296   -0.804645 0.000224088
          90   -0.804357   -0.804642 0.000221607
          91   -0.803067   -0.804624 0.000219841
          92   -0.806131   -0.804641 0.000218054
          93   -0.803808   -0.804632 0.000215882
          94   -0.803528    -0.80462 0.000213896
          95   -0.807136   -0.804647 0.000213283
          96   -0.801848   -0.804617 0.000213053
          97   -0.801896   -0.804589 0.000212704
          98   -0.802835   -0.804571 0.000211282
          99   -0.800539   -0.804531 0.000213067
         100   -0.805819   -0.804544 0.000211319
