           1   -0.551893   -0.551893           0
           2   -0.554667    -0.55328  0.00138667
           3    -0.55508    -0.55388  0.00100047
           4   -0.555293   -0.554233 0.000790771
           5   -0.553629   -0.554113 0.000624327
           6   -0.556917    -0.55458 0.000691651
           7   -0.554973   -0.554636 0.000587246
           8   -0.555469    -0.55474 0.000519124
           9   -0.552824   -0.554527 0.000504916
          10   -0.555115   -0.554586 0.000455413
          11   -0.556416   -0.554752 0.000444257
          12   -0.554573   -0.554738 0.000405824
          13   -0.552528   -0.554568 0.000410176
          14   -0.553208    -0.55447  0.00039197
          15   -0.555507    -0.55454 0.000371385
          16   -0.557493   -0.554724 0.000393405
          17   -0.552491   -0.554593   0.0003922
          18   -0.553709   -0.554544 0.000373013
          19    -0.55248   -0.554435 0.000369174
          20   -0.553776   -0.554402 0.000351777
          21   -0.555163   -0.554438  0.00033656
          22   -0.556952   -0.554553 0.000340632
          23   -0.555752   -0.554605 0.000329636
          24   -0.556203   -0.554671 0.000322549
          25   -0.554669   -0.554671 0.000309378
          26   -0.553696   -0.554634 0.000299598
          27   -0.555437   -0.554664 0.000289821
          28   -0.554232   -0.554648 0.000279703
          29   -0.556304   -0.554705  0.00027586
          30   -0.556528   -0.554766 0.000273345
          31   -0.554856   -0.554769 0.000264396
          32   -0.555731   -0.554799 0.000257759
          33   -0.552355   -0.554725 0.000260574
          34   -0.555168   -0.554738  0.00025313
          35   -0.552909   -0.554686 0.000251283
          36   -0.556352   -0.554732 0.000248551
          37    -0.55464   -0.554729 0.000241753
          38   -0.553576   -0.554699 0.000237255
          39   -0.554043   -0.554682 0.000231703
          40   -0.554208    -0.55467 0.000226147
          41   -0.556333   -0.554711 0.000224261
          42     -0.5558   -0.554737 0.000220387
          43   -0.553123   -0.554699  0.00021845
          44   -0.555645   -0.554721 0.000214508
          45   -0.555784   -0.554744 0.000211014
          46   -0.554357   -0.554736 0.000206547
          47   -0.553411   -0.554708 0.000204062
          48   -0.554939   -0.554713 0.000199824
          49   -0.555437   -0.554727 0.000196261
          50   -0.556613   -0.554765  0.00019596
          51   -0.556048    -0.55479 0.000193719
          52   -0.556573   -0.554825 0.000193027
          53   -0.553408   -0.554798 0.000191227
          54   -0.555456    -0.55481 0.000188048
          55   -0.554592   -0.554806  0.00018464
          56   -0.554403   -0.554799 0.000181456
          57   -0.553891   -0.554783 0.000178955
          58   -0.555512   -0.554796 0.000176291
          59   -0.554523   -0.554791 0.000173339
          60   -0.555485   -0.554802 0.000170818
          61   -0.555275    -0.55481 0.000168173
          62   -0.556995   -0.554845 0.000169148
          63   -0.553632   -0.554826 0.000167552
          64   -0.556195   -0.554848 0.000166294
          65   -0.554741   -0.554846 0.000163724
          66   -0.555829   -0.554861 0.000161911
          67   -0.554611   -0.554857  0.00015952
          68   -0.555133   -0.554861 0.000157209
          69   -0.556696   -0.554888 0.000157179
          70   -0.555245   -0.554893 0.000155002
          71   -0.551816    -0.55485  0.00015883
          72   -0.555245   -0.554855 0.000156705
          73   -0.554109   -0.554845  0.00015488
          74   -0.554917   -0.554846 0.000152776
          75   -0.554939   -0.554847  0.00015073
          76   -0.552803    -0.55482 0.000151147
          77   -0.555032   -0.554823 0.000149196
          78   -0.556475   -0.554844 0.000148786
          79   -0.556968   -0.554871 0.000149331
          80   -0.555229   -0.554875  0.00014752
          81   -0.555341   -0.554881 0.000145801
          82   -0.554251   -0.554873 0.000144217
          83   -0.553053   -0.554852 0.000144147
          84   -0.553643   -0.554837 0.000143146
          85   -0.556117   -0.554852 0.000142251
          86   -0.556088   -0.554867  0.00014132
          87   -0.555008   -0.554868 0.000139696
          88   -0.554395   -0.554863 0.000138204
          89   -0.554491   -0.554859 0.000136706
          90   -0.554123    -0.55485 0.000135426
          91   -0.554811    -0.55485  0.00013393
          92   -0.553064   -0.554831 0.000133881
          93   -0.553515   -0.554816 0.000133188
          94   -0.555461   -0.554823 0.000131942
          95   -0.553667   -0.554811 0.000131112
          96   -0.554397   -0.554807 0.000129811
          97   -0.556115    -0.55482 0.000129171
          98   -0.552187   -0.554793  0.00013064
          99   -0.554101   -0.554786 0.000129503
         100   -0.554072   -0.554779   0.0001284
