           1    0.231513    0.231513           0
           2     0.23118    0.231347 0.000166465
           3    0.232798    0.231831  0.00049309
           4    0.223911    0.229851  0.00201034
           5    0.229486    0.229778  0.00155891
           6    0.232364    0.230209  0.00134384
           7    0.231304    0.230365  0.00114648
           8    0.232374    0.230616  0.00102413
           9    0.229984    0.230546 0.000905933
          10    0.229002    0.230392  0.00082488
          11    0.233379    0.230663 0.000794014
          12    0.232634    0.230827 0.000743205
          13    0.224506    0.230341 0.000838934
          14     0.23195    0.230456 0.000785155
          15    0.227208     0.23024 0.000762332
          16    0.229591    0.230199 0.000714246
          17    0.231736    0.230289 0.000676979
          18    0.229881    0.230267 0.000638665
          19    0.226297    0.230058 0.000639224
          20    0.231499     0.23013 0.000610688
          21    0.231614      0.2302 0.000585163
          22    0.235391    0.230436 0.000605757
          23    0.228854    0.230368 0.000582897
          24    0.230728    0.230383 0.000558283
          25    0.232379    0.230462 0.000541409
          26    0.225465     0.23027  0.00055455
          27    0.231197    0.230305 0.000534718
          28    0.227972    0.230221 0.000521958
          29    0.233425    0.230332 0.000515616
          30    0.227425    0.230235 0.000507468
          31     0.22567    0.230088  0.00051244
          32    0.226193    0.229966 0.000510878
          33    0.229283    0.229945 0.000495587
          34    0.230548    0.229963 0.000481116
          35    0.227477    0.229892 0.000472534
          36    0.230502    0.229909 0.000459534
          37    0.225078    0.229778 0.000465621
          38    0.229227    0.229764 0.000453435
          39    0.232703    0.229839 0.000448041
          40    0.232026    0.229894 0.000440104
          41    0.229349     0.22988 0.000429442
          42    0.228408    0.229845 0.000420557
          43    0.227013     0.22978  0.00041591
          44    0.233747     0.22987 0.000416232
          45    0.232039    0.229918 0.000409722
          46    0.229531     0.22991 0.000400805
          47    0.231341     0.22994 0.000393366
          48    0.228689    0.229914 0.000385964
          49    0.228701    0.229889 0.000378815
          50     0.22988    0.229889 0.000371162
          51    0.229827    0.229888 0.000363813
          52    0.230278    0.229895 0.000356827
          53    0.227199    0.229844 0.000353708
          54    0.227923    0.229809 0.000348916
          55    0.227435    0.229766 0.000345222
          56    0.227646    0.229728 0.000341109
          57    0.232354    0.229774 0.000338223
          58    0.230815    0.229792 0.000332825
          59    0.231743    0.229825 0.000328803
          60    0.229092    0.229813 0.000323507
          61    0.225778    0.229747 0.000324962
          62     0.22818    0.229721 0.000320675
          63    0.229037     0.22971 0.000315731
          64     0.23025    0.229719 0.000310873
          65    0.232453    0.229761  0.00030893
          66    0.229354    0.229755 0.000304276
          67    0.225162    0.229686  0.00030744
          68    0.227844    0.229659 0.000304094
          69    0.232649    0.229702 0.000302772
          70    0.229362    0.229698 0.000298455
          71    0.230777    0.229713 0.000294614
          72    0.229035    0.229703 0.000290646
          73    0.227062    0.229667 0.000288912
          74    0.227528    0.229638 0.000286443
          75    0.228159    0.229619 0.000283286
          76    0.227832    0.229595  0.00028052
          77    0.229581    0.229595 0.000276853
          78    0.230118    0.229602 0.000273363
          79    0.232088    0.229633  0.00027171
          80    0.229029    0.229625 0.000268398
          81    0.229479    0.229624  0.00026507
          82    0.232629     0.22966  0.00026437
          83    0.230483     0.22967 0.000261354
          84    0.230069    0.229675 0.000258267
          85    0.228061    0.229656 0.000255916
          86    0.231352    0.229676 0.000253691
          87    0.233129    0.229715  0.00025388
          88    0.226892    0.229683 0.000253021
          89    0.223732    0.229616 0.000258946
          90    0.228507    0.229604 0.000256349
          91      0.2297    0.229605 0.000253518
          92    0.229254    0.229601 0.000250776
          93    0.229811    0.229604 0.000248076
          94    0.229543    0.229603 0.000245423
          95    0.229332      0.2296 0.000242843
          96     0.22898    0.229594 0.000240386
          97    0.232033    0.229619  0.00023922
          98    0.230715     0.22963 0.000237031
          99    0.227115    0.229605 0.000235996
         100    0.226842    0.229577 0.000235252
