           1     2.48401     2.48401           0
           2     2.65908     2.57154   0.0875342
           3      2.4316     2.52489   0.0687748
           4     2.54925     2.53098   0.0490108
           5     2.57069     2.53892   0.0387852
           6     2.56426     2.54315   0.0319483
           7     2.55692     2.54512   0.0270729
           8     2.65996     2.55947   0.0274917
           9     2.51394     2.55441   0.0247676
          10     2.52953     2.55192   0.0222921
          11     2.64168     2.56008   0.0217525
          12     2.45529     2.55135   0.0216926
          13     2.56922     2.55273   0.0200016
          14     2.55233      2.5527   0.0185179
          15     2.50061     2.54922   0.0175855
          16     2.59847      2.5523   0.0167352
          17     2.48349     2.54825   0.0162327
          18     2.55615     2.54869   0.0153106
          19     2.46227     2.54414   0.0151799
          20     2.51799     2.54284   0.0144601
          21     2.56867     2.54407   0.0138092
          22     2.46098     2.54029   0.0136975
          23     2.57579     2.54183   0.0131791
          24     2.42829      2.5371   0.0134757
          25     2.54981     2.53761   0.0129355
          26     2.55978     2.53846   0.0124572
          27     2.50755     2.53732   0.0120415
          28     2.59998     2.53956   0.0118173
          29     2.50007     2.53819   0.0114835
          30     2.53231       2.538   0.0110959
          31     2.48896     2.53642    0.010848
          32     2.53178     2.53627   0.0105045
          33     2.57915     2.53757   0.0102638
          34     2.64381      2.5407   0.0104361
          35     2.48147       2.539   0.0102738
          36     2.58045     2.54015   0.0100505
          37     2.59491     2.54163  0.00988651
          38     2.53412     2.54144  0.00962486
          39      2.5625     2.54198  0.00939036
          40      2.5219     2.54147  0.00916635
          41     2.46955     2.53972  0.00911045
          42     2.48878     2.53851  0.00897323
          43     2.56882     2.53921  0.00879039
          44     2.55216     2.53951  0.00859332
          45     2.58039     2.54042  0.00844918
          46      2.6773     2.54339   0.0087829
          47     2.53063     2.54312  0.00859828
          48     2.48041     2.54181  0.00851803
          49     2.59665     2.54293  0.00841711
          50      2.5597     2.54327  0.00825387
          51     2.49992     2.54242  0.00813493
          52     2.49533     2.54151  0.00802818
          53     2.47337     2.54023  0.00797952
          54      2.5186     2.53983   0.0078406
          55     2.50909     2.53927  0.00771698
          56     2.50143     2.53859  0.00760799
          57     2.51414     2.53816  0.00748562
          58     2.46619     2.53692  0.00745937
          59     2.51095     2.53648  0.00734506
          60     2.45041     2.53505  0.00736271
          61      2.5036     2.53453  0.00725933
          62     2.49528      2.5339  0.00716929
          63     2.54066     2.53401  0.00705539
          64     2.41173      2.5321  0.00720229
          65     2.58437      2.5329  0.00713609
          66     2.64715     2.53463  0.00723721
          67     2.60725     2.53571   0.0072103
          68     2.54627     2.53587  0.00710517
          69     2.56247     2.53626  0.00701204
          70     2.54412     2.53637  0.00691206
          71     2.51401     2.53605  0.00682128
          72     2.41934     2.53443  0.00691845
          73     2.53675     2.53446   0.0068231
          74     2.46812     2.53357  0.00678972
          75     2.53334     2.53356  0.00669858
          76     2.51224     2.53328   0.0066158
          77     2.55935     2.53362  0.00653809
          78     2.50347     2.53324  0.00646529
          79     2.54185     2.53334  0.00638386
          80     2.45513     2.53237  0.00637892
          81     2.55767     2.53268  0.00630741
          82     2.51434     2.53246  0.00623403
          83     2.51263     2.53222  0.00616309
          84     2.45186     2.53126  0.00616397
          85     2.60437     2.53212  0.00615144
          86     2.61703     2.53311  0.00615915
          87     2.50937     2.53283  0.00609406
          88     2.54391     2.53296  0.00602572
          89     2.56031     2.53327  0.00596555
          90     2.63879     2.53444  0.00601428
          91     2.56879     2.53482  0.00595979
          92     2.60306     2.53556  0.00594114
          93     2.52576     2.53545  0.00587785
          94     2.53975      2.5355  0.00581517
          95     2.53174     2.53546  0.00575377
          96     2.43798     2.53444  0.00578335
          97     2.50577     2.53415  0.00573105
          98     2.55676     2.53438  0.00567696
          99     2.57621      2.5348  0.00563518
         100     2.56353     2.53509  0.00558594
