           1   -0.481624   -0.481624           0
           2   -0.482432   -0.482028    0.000404
           3   -0.481491   -0.481849 0.000294085
           4    -0.48252   -0.482017 0.000267194
           5   -0.481219   -0.481857 0.000261357
           6   -0.481555   -0.481807 0.000219268
           7   -0.481763     -0.4818 0.000185422
           8   -0.481304   -0.481738 0.000172151
           9   -0.481189   -0.481677 0.000163619
          10   -0.483475   -0.481857 0.000231778
          11   -0.481885    -0.48186 0.000209667
          12   -0.483477   -0.481994 0.000234108
          13   -0.481664   -0.481969 0.000216843
          14   -0.483424   -0.482073 0.000226063
          15   -0.481011   -0.482002 0.000222049
          16   -0.481275   -0.481957 0.000212626
          17   -0.481584   -0.481935 0.000200927
          18   -0.484296   -0.482066 0.000230422
          19   -0.483096    -0.48212 0.000224599
          20   -0.483547   -0.482191 0.000224694
          21   -0.482413   -0.482202 0.000213988
          22   -0.482448   -0.482213 0.000204336
          23   -0.482136    -0.48221 0.000195278
          24   -0.484757   -0.482316 0.000214994
          25   -0.482365   -0.482318 0.000206225
          26   -0.481227   -0.482276 0.000202531
          27   -0.483229   -0.482311 0.000198059
          28   -0.481747   -0.482291 0.000191917
          29   -0.481237   -0.482255 0.000188712
          30   -0.484147   -0.482318 0.000192912
          31   -0.482936   -0.482338 0.000187648
          32   -0.481787   -0.482321 0.000182503
          33   -0.482872   -0.482337 0.000177674
          34   -0.482592   -0.482345 0.000172532
          35   -0.483083   -0.482366 0.000168851
          36   -0.484608   -0.482428 0.000175516
          37   -0.482656   -0.482434 0.000170817
          38   -0.484325   -0.482484 0.000173549
          39   -0.480395    -0.48243 0.000177327
          40   -0.480611   -0.482385 0.000178725
          41   -0.482333   -0.482384 0.000174316
          42   -0.482067   -0.482376 0.000170282
          43    -0.48192   -0.482366 0.000166613
          44   -0.484552   -0.482415 0.000170198
          45   -0.482032   -0.482407 0.000166591
          46   -0.484285   -0.482448 0.000167969
          47     -0.4816    -0.48243 0.000165343
          48   -0.483075   -0.482443 0.000162418
          49   -0.482563   -0.482445 0.000159088
          50   -0.483387   -0.482464 0.000157006
          51   -0.481883   -0.482453 0.000154319
          52   -0.483248   -0.482468 0.000152093
          53   -0.482288   -0.482465 0.000149234
          54   -0.481643    -0.48245 0.000147234
          55   -0.483501   -0.482469 0.000145792
          56   -0.481829   -0.482457 0.000143619
          57   -0.483283   -0.482472 0.000141818
          58   -0.482747   -0.482476 0.000139432
          59   -0.482379   -0.482475 0.000137059
          60   -0.482829   -0.482481 0.000134884
          61   -0.483493   -0.482497 0.000133689
          62   -0.483152   -0.482508 0.000131939
          63    -0.48472   -0.482543 0.000134492
          64   -0.485112   -0.482583 0.000138326
          65   -0.483501   -0.482597 0.000136912
          66   -0.480264   -0.482562  0.00013938
          67    -0.48304   -0.482569 0.000137469
          68   -0.482981   -0.482575 0.000135568
          69   -0.483224   -0.482585 0.000133919
          70   -0.483931   -0.482604 0.000133386
          71   -0.484064   -0.482624 0.000133093
          72   -0.482653   -0.482625 0.000131232
          73   -0.481531    -0.48261 0.000130286
          74   -0.483453   -0.482621 0.000129018
          75   -0.481664   -0.482608 0.000127925
          76   -0.483339   -0.482618 0.000126595
          77   -0.483069   -0.482624 0.000125078
          78   -0.481587   -0.482611 0.000124178
          79   -0.481477   -0.482596 0.000123432
          80   -0.482656   -0.482597 0.000121882
          81   -0.482787   -0.482599 0.000120391
          82   -0.482323   -0.482596 0.000118961
          83   -0.482672   -0.482597 0.000117523
          84   -0.482632   -0.482597 0.000116116
          85   -0.481917   -0.482589  0.00011502
          86   -0.484104   -0.482607 0.000115031
          87   -0.482859    -0.48261 0.000113738
          88   -0.483069   -0.482615  0.00011256
          89   -0.483136   -0.482621 0.000111442
          90   -0.481208   -0.482605 0.000111309
          91   -0.483704   -0.482617 0.000110739
          92   -0.482032   -0.482611 0.000109714
          93   -0.483109   -0.482616  0.00010866
          94     -0.4834   -0.482625 0.000107821
          95   -0.486064   -0.482661 0.000112656
          96   -0.483811   -0.482673 0.000112118
          97   -0.482069   -0.482667  0.00011113
          98   -0.482144   -0.482661 0.000110119
          99   -0.482584    -0.48266 0.000109004
         100    -0.48144   -0.482648 0.000108597
