           1    0.195793    0.195793           0
           2    0.197239    0.196516 0.000723307
           3    0.196378     0.19647 0.000420117
           4    0.196157    0.196392 0.000307184
           5    0.195843    0.196282 0.000262046
           6    0.196364    0.196296 0.000214398
           7    0.196165    0.196277 0.000182163
           8    0.197824     0.19647 0.000249501
           9    0.198702    0.196718 0.000331496
          10    0.196626    0.196709 0.000296642
          11    0.196117    0.196655 0.000273665
          12    0.193915    0.196427 0.000338472
          13    0.197224    0.196488 0.000317334
          14    0.198836    0.196656 0.000338293
          15     0.19603    0.196614 0.000317683
          16    0.197489    0.196669 0.000302148
          17    0.195821    0.196619 0.000288167
          18    0.196777    0.196628 0.000271829
          19    0.198246    0.196713 0.000270869
          20    0.198213    0.196788 0.000267684
          21    0.196398     0.19677 0.000255295
          22    0.197099    0.196784 0.000243876
          23    0.195174    0.196714 0.000243321
          24    0.197092     0.19673 0.000233491
          25    0.197685    0.196768 0.000227189
          26    0.197644    0.196802 0.000220859
          27    0.194974    0.196734 0.000223043
          28    0.197542    0.196763 0.000216857
          29    0.195057    0.196704  0.00021736
          30    0.195819    0.196675 0.000212055
          31      0.1967    0.196676 0.000205102
          32    0.195973    0.196654   0.0001998
          33    0.194934    0.196602 0.000200539
          34    0.196875     0.19661 0.000194717
          35    0.200261    0.196714 0.000215948
          36     0.19835    0.196759  0.00021473
          37    0.198676    0.196811 0.000215172
          38    0.196357    0.196799 0.000209774
          39     0.19454    0.196741 0.000212376
          40    0.196085    0.196725 0.000207647
          41    0.195929    0.196706 0.000203448
          42    0.199665    0.196776 0.000210681
          43    0.198289    0.196811 0.000208711
          44    0.194351    0.196755  0.00021144
          45    0.198223    0.196788 0.000209245
          46      0.1994    0.196845 0.000212375
          47     0.19606    0.196828 0.000208478
          48    0.198177    0.196856 0.000206014
          49    0.196882    0.196857 0.000201767
          50    0.196858    0.196857  0.00019769
          51    0.198142    0.196882 0.000195407
          52    0.195852    0.196862 0.000192633
          53    0.197907    0.196882  0.00018999
          54    0.194732    0.196842 0.000190641
          55    0.195892    0.196825 0.000187938
          56    0.200025    0.196882 0.000193198
          57    0.194257    0.196836 0.000195285
          58    0.195974    0.196821 0.000192463
          59    0.199135     0.19686 0.000193198
          60    0.193889    0.196811 0.000196299
          61    0.196199    0.196801 0.000193314
          62    0.199457    0.196843 0.000194936
          63    0.195068    0.196815 0.000193876
          64    0.198766    0.196846  0.00019324
          65    0.196167    0.196835  0.00019053
          66    0.194065    0.196793 0.000192258
          67    0.198111    0.196813 0.000190386
          68    0.199896    0.196858 0.000192967
          69    0.197667     0.19687  0.00019051
          70    0.193953    0.196828 0.000192339
          71    0.196848    0.196829 0.000189611
          72    0.195288    0.196807 0.000188179
          73    0.193757    0.196765  0.00019023
          74    0.192347    0.196706 0.000196911
          75    0.198992    0.196736 0.000196644
          76    0.195926    0.196726 0.000194332
          77    0.196674    0.196725 0.000191793
          78    0.196337     0.19672 0.000189383
          79    0.201015    0.196774 0.000194716
          80    0.197206     0.19678 0.000192343
          81    0.193588     0.19674 0.000193997
          82    0.193231    0.196698 0.000196338
          83    0.198453    0.196719 0.000195108
          84     0.19815    0.196736 0.000193523
          85    0.195945    0.196726 0.000191459
          86    0.195649    0.196714 0.000189634
          87    0.196745    0.196714 0.000187442
          88    0.194875    0.196693 0.000186476
          89    0.196877    0.196695  0.00018438
          90    0.197266    0.196702  0.00018243
          91    0.197572    0.196711 0.000180668
          92    0.196213    0.196706 0.000178775
          93    0.196995    0.196709  0.00017687
          94    0.198093    0.196724 0.000175596
          95    0.196238    0.196719 0.000173813
          96    0.198573    0.196738 0.000173074
          97    0.196129    0.196732 0.000171396
          98    0.195947    0.196724 0.000169827
          99    0.198297     0.19674 0.000168852
         100    0.197048    0.196743 0.000167183
