           1     0.04046     0.04046           0
           2    0.048788    0.044624    0.004164
           3   0.0281613   0.0391364  0.00599107
           4    0.044112   0.0403803  0.00441517
           5   0.0401173   0.0403277  0.00342038
           6   0.0350267   0.0394442  0.00292915
           7    0.039028   0.0393848   0.0024763
           8      0.0367   0.0390492  0.00217064
           9   0.0294653   0.0379843  0.00219056
          10   0.0346267   0.0376485  0.00198786
          11   0.0291867   0.0368793  0.00195573
          12   0.0340253   0.0366414   0.0018011
          13   0.0418413   0.0370414  0.00170437
          14    0.043084    0.037473  0.00163591
          15   0.0303187   0.0369961  0.00159589
          16    0.026332   0.0363296  0.00163485
          17      0.0381   0.0364337   0.0015392
          18     0.04282   0.0367885  0.00149391
          19   0.0333507   0.0366076  0.00142464
          20      0.0377   0.0366622  0.00135263
          21   0.0344173   0.0365553  0.00129104
          22   0.0338867    0.036434  0.00123692
          23    0.045892   0.0368452  0.00125142
          24    0.043904   0.0371393  0.00123371
          25   0.0398467   0.0372476  0.00118828
          26   0.0385613   0.0372982  0.00114278
          27   0.0408453   0.0374295  0.00110746
          28    0.036428   0.0373938  0.00106777
          29    0.040152   0.0374889  0.00103468
          30    0.038332    0.037517 0.000999988
          31   0.0387973   0.0375583 0.000968074
          32   0.0282773   0.0372682 0.000981178
          33   0.0417933   0.0374054 0.000960816
          34   0.0359267   0.0373619 0.000933143
          35    0.047096     0.03764 0.000947812
          36     0.04786   0.0379239 0.000963863
          37   0.0392747   0.0379604 0.000938161
          38   0.0458747   0.0381687  0.00093659
          39   0.0400147    0.038216 0.000913485
          40   0.0401853   0.0382652 0.000891716
          41     0.04584     0.03845 0.000889101
          42   0.0451893   0.0386104 0.000882387
          43   0.0312013   0.0384381 0.000878681
          44    0.036268   0.0383888 0.000859895
          45   0.0426853   0.0384843 0.000845974
          46    0.039764   0.0385121 0.000827846
          47   0.0379813   0.0385008  0.00081012
          48   0.0392253   0.0385159 0.000793206
          49   0.0277347   0.0382959 0.000807408
          50   0.0388627   0.0383072 0.000791176
          51   0.0372253    0.038286 0.000775798
          52    0.032824    0.038181  0.00076795
          53   0.0412893   0.0382396   0.0007556
          54   0.0389067    0.038252 0.000741578
          55   0.0316427   0.0381318 0.000737822
          56    0.034268   0.0380628 0.000727805
          57   0.0409227    0.038113 0.000716681
          58   0.0501373   0.0383203 0.000734098
          59    0.041892   0.0383808 0.000724083
          60    0.034668    0.038319 0.000714597
          61    0.038884   0.0383282 0.000702846
          62    0.044716   0.0384312 0.000699051
          63   0.0382573   0.0384285 0.000687871
          64   0.0385453   0.0384303  0.00067704
          65    0.038072   0.0384248 0.000666566
          66   0.0329093   0.0383412 0.000661687
          67   0.0338573   0.0382743 0.000655163
          68   0.0439853   0.0383583 0.000650897
          69   0.0370547   0.0383394 0.000641673
          70   0.0322187    0.038252 0.000638456
          71   0.0425013   0.0383118 0.000632238
          72   0.0326493   0.0382332 0.000628337
          73   0.0351747   0.0381913 0.000621084
          74   0.0364973   0.0381684 0.000613061
          75   0.0398147   0.0381903  0.00060523
          76    0.042628   0.0382487 0.000600061
          77   0.0402627   0.0382749 0.000592794
          78    0.035416   0.0382382 0.000586292
          79     0.04898   0.0383742 0.000594579
          80   0.0377907   0.0383669 0.000587145
          81   0.0317533   0.0382853 0.000585571
          82   0.0391973   0.0382964 0.000578493
          83   0.0412133   0.0383315  0.00057256
          84     0.03384    0.038278 0.000568224
          85    0.022452   0.0380919 0.000591564
          86   0.0398693   0.0381125  0.00058501
          87   0.0424507   0.0381624 0.000580393
          88   0.0386413   0.0381678 0.000573785
          89    0.036048    0.038144 0.000567801
          90   0.0373733   0.0381355 0.000561522
          91   0.0375267   0.0381288 0.000555358
          92   0.0327933   0.0380708 0.000552341
          93   0.0270787   0.0379526 0.000559008
          94   0.0429653   0.0380059 0.000555594
          95   0.0416387   0.0380441 0.000551043
          96   0.0288413   0.0379483 0.000553635
          97   0.0309013   0.0378756 0.000552694
          98   0.0356133   0.0378525 0.000547512
          99    0.040512   0.0378794 0.000542618
         100   0.0446747   0.0379474 0.000541446
