           1   -0.647043   -0.647043           0
           2    -0.64752   -0.647281 0.000238667
           3   -0.646413   -0.646992  0.00032047
           4   -0.648032   -0.647252 0.000344892
           5   -0.647032   -0.647208 0.000270751
           6   -0.647307   -0.647224 0.000221678
           7   -0.646411   -0.647108  0.00022049
           8   -0.645576   -0.646917  0.00027045
           9   -0.645792   -0.646792 0.000269267
          10   -0.645885   -0.646701 0.000257331
          11   -0.646752   -0.646706  0.00023281
          12   -0.644411   -0.646514  0.00028591
          13   -0.647125   -0.646561 0.000267164
          14   -0.645504   -0.646486 0.000258622
          15   -0.648515   -0.646621 0.000276152
          16    -0.64684   -0.646635 0.000258678
          17   -0.643888   -0.646473 0.000291804
          18   -0.645933   -0.646443 0.000276746
          19    -0.64444   -0.646338 0.000282211
          20   -0.647019   -0.646372 0.000269884
          21   -0.647064   -0.646405 0.000258818
          22   -0.644477   -0.646317 0.000261865
          23   -0.645456    -0.64628 0.000253007
          24   -0.645077    -0.64623 0.000247363
          25   -0.645432   -0.646198 0.000239398
          26   -0.646736   -0.646218 0.000230935
          27   -0.643989   -0.646136 0.000237059
          28   -0.644592   -0.646081 0.000234996
          29   -0.645147   -0.646049 0.000229024
          30   -0.647544   -0.646098 0.000226804
          31   -0.647696    -0.64615 0.000225338
          32   -0.643621   -0.646071 0.000232051
          33   -0.646579   -0.646086 0.000225435
          34   -0.646843   -0.646109 0.000219833
          35   -0.647915    -0.64616 0.000219608
          36   -0.646445   -0.646168 0.000213568
          37   -0.646021   -0.646164 0.000207754
          38   -0.645784   -0.646154  0.00020246
          39   -0.646539   -0.646164 0.000197446
          40   -0.644045   -0.646111 0.000199603
          41   -0.646499    -0.64612 0.000194903
          42   -0.647379    -0.64615 0.000192551
          43   -0.647163   -0.646174 0.000189487
          44      -0.648   -0.646215 0.000189725
          45   -0.647371   -0.646241  0.00018723
          46    -0.64552   -0.646225 0.000183784
          47   -0.647883   -0.646261 0.000183255
          48      -0.645   -0.646234 0.000181309
          49   -0.646768   -0.646245 0.000177904
          50   -0.645643   -0.646233 0.000174726
          51   -0.648203   -0.646272 0.000175565
          52   -0.647243   -0.646291 0.000173165
          53   -0.646616   -0.646297 0.000169977
          54   -0.646053   -0.646292 0.000166861
          55   -0.645477   -0.646277 0.000164467
          56   -0.645744   -0.646268 0.000161784
          57   -0.646581   -0.646273 0.000159016
          58   -0.647424   -0.646293 0.000157505
          59   -0.646611   -0.646299 0.000154905
          60   -0.646896   -0.646309 0.000152627
          61   -0.648864    -0.64635  0.00015584
          62    -0.64712   -0.646363 0.000153808
          63   -0.648493   -0.646397 0.000155079
          64   -0.645709   -0.646386 0.000153014
          65   -0.645099   -0.646366 0.000151938
          66   -0.645939    -0.64636 0.000149758
          67   -0.646064   -0.646355 0.000147572
          68   -0.647176   -0.646367 0.000145886
          69   -0.645715   -0.646358 0.000144067
          70   -0.646237   -0.646356 0.000142004
          71   -0.645568   -0.646345 0.000140429
          72    -0.64704   -0.646355 0.000138801
          73   -0.646253   -0.646353 0.000136893
          74   -0.645741   -0.646345 0.000135284
          75   -0.646256   -0.646344 0.000133473
          76   -0.647539    -0.64636  0.00013264
          77   -0.646013   -0.646355 0.000130984
          78   -0.646784   -0.646361  0.00012941
          79   -0.647584   -0.646376 0.000128697
          80   -0.647667   -0.646392 0.000128098
          81   -0.648083   -0.646413 0.000128217
          82   -0.649043   -0.646445  0.00013064
          83   -0.644701   -0.646424 0.000130756
          84   -0.647419   -0.646436 0.000129731
          85   -0.647048   -0.646443 0.000128398
          86   -0.647357   -0.646454 0.000127341
          87   -0.644117   -0.646427 0.000128702
          88   -0.644163   -0.646401 0.000129806
          89   -0.645421    -0.64639 0.000128811
          90   -0.647907   -0.646407 0.000128481
          91   -0.646069   -0.646403 0.000127116
          92   -0.648459   -0.646426 0.000127696
          93   -0.644936    -0.64641 0.000127327
          94   -0.645288   -0.646398 0.000126529
          95   -0.646571     -0.6464 0.000125203
          96   -0.646411     -0.6464 0.000123892
          97   -0.646792   -0.646404 0.000122675
          98   -0.647821   -0.646418 0.000122275
          99   -0.647824   -0.646432 0.000121864
         100   -0.644867   -0.646417 0.000121651
