           1    0.107056    0.107056           0
           2    0.100999    0.104027  0.00302867
           3     0.13338    0.113812  0.00993925
           4    0.113399    0.113708  0.00702887
           5    0.109844    0.112935  0.00549912
           6    0.114139    0.113136  0.00449449
           7    0.107788    0.112372   0.0038746
           8     0.12176    0.113546  0.00355479
           9    0.130221    0.115398  0.00364164
          10    0.113779    0.115236  0.00326121
          11    0.135756    0.117102   0.0034902
          12    0.140857    0.119081  0.00375103
          13    0.133184    0.120166  0.00361696
          14    0.113643      0.1197  0.00338091
          15    0.113129    0.119262   0.0031778
          16    0.104585    0.118345  0.00311088
          17    0.105905    0.117613  0.00301238
          18    0.112097    0.117307  0.00285659
          19    0.105677    0.116695  0.00277052
          20    0.126241    0.117172  0.00267134
          21   0.0967213    0.116198  0.00272117
          22    0.113573    0.116079  0.00259728
          23    0.127677    0.116583   0.0025325
          24    0.111412    0.116368  0.00243424
          25    0.132579    0.117016  0.00242321
          26    0.104683    0.116542  0.00237598
          27    0.101543    0.115986  0.00235281
          28    0.137557    0.116757  0.00239454
          29    0.110448    0.116539  0.00232071
          30    0.106423    0.116202  0.00226724
          31    0.121476    0.116372  0.00219947
          32    0.113433     0.11628  0.00213161
          33    0.121395    0.116435  0.00207181
          34    0.120295    0.116549  0.00201316
          35    0.102677    0.116152  0.00199456
          36    0.090576    0.115442  0.00206446
          37    0.107293    0.115222  0.00201993
          38    0.120149    0.115351  0.00197033
          39    0.099816    0.114953  0.00196005
          40    0.118617    0.115045  0.00191261
          41    0.136088    0.115558   0.0019347
          42   0.0946773    0.115061  0.00195243
          43   0.0906533    0.114493  0.00198919
          44   0.0942693    0.114033  0.00199707
          45   0.0849947    0.113388  0.00205608
          46    0.107641    0.113263  0.00201476
          47    0.102488    0.113034  0.00198471
          48    0.108493    0.112939  0.00194523
          49    0.121071    0.113105  0.00191233
          50    0.103472    0.112913  0.00188357
          51    0.142993    0.113502  0.00193819
          52   0.0963387    0.113172    0.001929
          53    0.138563    0.113651  0.00195196
          54    0.121751    0.113801  0.00192133
          55    0.118457    0.113886  0.00188797
          56     0.11532    0.113912  0.00185413
          57   0.0884547    0.113465  0.00187527
          58   0.0895107    0.113052  0.00188837
          59    0.109667    0.112995  0.00185698
          60    0.115449    0.113036  0.00182622
          61    0.113671    0.113046  0.00179607
          62    0.114753    0.113074  0.00176707
          63    0.093172    0.112758  0.00176726
          64    0.110192    0.112718  0.00173989
          65    0.117441     0.11279  0.00171445
          66    0.102973    0.112641  0.00169482
          67    0.123108    0.112798  0.00167662
          68    0.107972    0.112727  0.00165331
          69    0.120241    0.112836  0.00163281
          70    0.119385    0.112929  0.00161203
          71    0.109672    0.112883  0.00158982
          72    0.105629    0.112783  0.00157082
          73    0.114709    0.112809  0.00154938
          74    0.133975    0.113095  0.00155483
          75    0.111627    0.113075  0.00153409
          76    0.115335    0.113105  0.00151406
          77    0.101592    0.112956  0.00150173
          78    0.102177    0.112817  0.00148878
          79    0.111583    0.112802  0.00146989
          80   0.0914293    0.112535  0.00147579
          81    0.106047    0.112455  0.00145965
          82    0.112407    0.112454  0.00144174
          83    0.116871    0.112507  0.00142526
          84    0.120387    0.112601  0.00141131
          85    0.118719    0.112673  0.00139646
          86    0.117157    0.112725  0.00138112
          87    0.108664    0.112678  0.00136595
          88     0.10504    0.112592  0.00135312
          89    0.110519    0.112568  0.00133803
          90    0.108808    0.112527  0.00132374
          91   0.0899947    0.112279  0.00133233
          92    0.101831    0.112165  0.00132265
          93   0.0980213    0.112013  0.00131716
          94   0.0978733    0.111863  0.00131173
          95    0.113213    0.111877  0.00129792
          96    0.114904    0.111909  0.00128472
          97    0.115977    0.111951   0.0012721
          98    0.111331    0.111944  0.00125907
          99    0.125165    0.112078  0.00125342
         100    0.103357    0.111991  0.00124388
