           1    0.275948    0.275948           0
           2    0.284348    0.280148      0.0042
           3    0.253844     0.27138  0.00909713
           4    0.241456    0.263899  0.00986632
           5    0.313808    0.273881   0.0125715
           6    0.299855     0.27821   0.0111401
           7    0.264656    0.276274  0.00961215
           8    0.233552    0.270933  0.00989003
           9    0.232148    0.266624  0.00972873
          10     0.25682    0.265643  0.00875669
          11    0.276089    0.266593  0.00797745
          12    0.331787    0.272026  0.00908561
          13    0.286544    0.273143  0.00843183
          14    0.274211    0.273219  0.00780673
          15    0.247847    0.271527  0.00746192
          16    0.316475    0.274337  0.00752408
          17    0.238987    0.272257  0.00736719
          18    0.320889    0.274959  0.00745282
          19    0.282735    0.275368  0.00706153
          20    0.300641    0.276632   0.0068173
          21    0.319253    0.278662  0.00679474
          22    0.282121    0.278819  0.00648044
          23    0.276876    0.278734  0.00619285
          24    0.259877    0.277949  0.00598104
          25    0.296823    0.278704  0.00578627
          26      0.2495     0.27758   0.0056716
          27    0.254508    0.276726    0.005524
          28    0.283051    0.276952  0.00532785
          29    0.310508    0.278109  0.00526946
          30    0.276913    0.278069  0.00509094
          31    0.300709    0.278799  0.00497785
          32    0.327055    0.280307  0.00505018
          33    0.335807    0.281989  0.00517562
          34    0.333999    0.283519  0.00524893
          35    0.286893    0.283615  0.00509767
          36    0.295875    0.283956  0.00496573
          37    0.274857     0.28371  0.00483591
          38    0.305892    0.284294  0.00474299
          39    0.269413    0.283912  0.00463551
          40    0.346277    0.285471  0.00477958
          41    0.335113    0.286682  0.00481623
          42    0.289155    0.286741  0.00470053
          43    0.347524    0.288154  0.00480265
          44    0.307236    0.288588  0.00471223
          45    0.346961    0.289885  0.00478549
          46    0.309823    0.290319  0.00470032
          47    0.258675    0.289645  0.00464825
          48    0.292113    0.289697  0.00455067
          49    0.303632    0.289981   0.0044659
          50    0.348956    0.291161  0.00453185
          51    0.271467    0.290775  0.00445885
          52    0.319473    0.291326  0.00440696
          53    0.317891    0.291828  0.00435197
          54    0.233859    0.290754  0.00440347
          55    0.301887    0.290957   0.0043274
          56    0.275667    0.290684  0.00425819
          57    0.409608     0.29277  0.00467429
          58    0.250101    0.292034  0.00465154
          59    0.282052    0.291865  0.00457515
          60    0.290885    0.291849  0.00449828
          61    0.295755    0.291913  0.00442438
          62    0.296389    0.291985  0.00435304
          63    0.289367    0.291943  0.00428359
          64    0.255844    0.291379  0.00425369
          65    0.260349    0.290902  0.00421486
          66    0.299708    0.291035  0.00415265
          67    0.274373    0.290787  0.00409775
          68    0.286321    0.290721  0.00403757
          69    0.231548    0.289863     0.00407
          70    0.288487    0.289844  0.00401149
          71    0.308428    0.290106  0.00396324
          72    0.295615    0.290182  0.00390855
          73    0.300733    0.290327  0.00385735
          74    0.314843    0.290658  0.00381926
          75    0.361753    0.291606   0.0038854
          76    0.262111    0.291218  0.00385353
          77    0.243393    0.290597  0.00385354
          78    0.323504    0.291019  0.00382714
          79    0.297537    0.291101  0.00377928
          80    0.313877    0.291386  0.00374259
          81    0.286189    0.291322  0.00369665
          82    0.318152    0.291649  0.00366592
          83    0.240091    0.291028  0.00367438
          84    0.258509     0.29064  0.00365095
          85    0.321317    0.291001  0.00362575
          86    0.268412    0.290739  0.00359296
          87     0.25416    0.290318  0.00357622
          88    0.292605    0.290344  0.00353544
          89    0.284508    0.290279  0.00349611
          90    0.294312    0.290324  0.00345733
          91    0.282097    0.290233  0.00342033
          92    0.294488    0.290279  0.00338326
          93    0.224369    0.289571   0.0034209
          94    0.235837    0.288999  0.00343225
          95    0.341427    0.289551  0.00344048
          96    0.283244    0.289485  0.00340508
          97    0.267741    0.289261  0.00337724
          98    0.299353    0.289364  0.00334419
          99    0.318397    0.289657   0.0033232
         100    0.245015    0.289211  0.00331996
