           1    0.456727    0.456727           0
           2    0.430367    0.443547   0.0131799
           3    0.413496     0.43353   0.0125796
           4     0.44655    0.436785  0.00947193
           5    0.418195    0.433067  0.00822517
           6    0.436499    0.433639  0.00674013
           7    0.406906     0.42982  0.00685817
           8    0.428442    0.429648  0.00594185
           9    0.394733    0.425768  0.00651997
          10    0.443695    0.427561  0.00610097
          11    0.431533    0.427922  0.00553034
          12    0.438551    0.428808   0.0051256
          13    0.434889    0.429276  0.00473801
          14    0.428131    0.429194  0.00438731
          15     0.43342    0.429476  0.00409407
          16    0.437428    0.429973  0.00386177
          17    0.425212    0.429693  0.00363829
          18    0.452189    0.430942  0.00365081
          19    0.412024    0.429947    0.003594
          20    0.422234    0.429561  0.00343131
          21     0.44685    0.430384  0.00336606
          22    0.430692    0.430398  0.00320944
          23     0.44352    0.430969  0.00311934
          24    0.433479    0.431073  0.00298838
          25    0.422591    0.430734  0.00288636
          26    0.454058    0.431631  0.00291461
          27    0.432101    0.431649  0.00280464
          28    0.445603    0.432147  0.00274818
          29    0.393562    0.430816  0.00296681
          30    0.439644    0.431111  0.00288127
          31    0.436138    0.431273  0.00279149
          32    0.451917    0.431918  0.00277878
          33    0.419394    0.431538  0.00271987
          34    0.431647    0.431542  0.00263866
          35     0.43564    0.431659  0.00256484
          36    0.458362      0.4324   0.0026006
          37     0.43649    0.432511  0.00253175
          38     0.44893    0.432943  0.00250182
          39    0.417044    0.432535  0.00247069
          40    0.430297    0.432479  0.00240878
          41    0.439193    0.432643    0.002355
          42    0.435558    0.432713  0.00229929
          43    0.444296    0.432982  0.00226128
          44    0.441554    0.433177  0.00221787
          45    0.441921    0.433371  0.00217671
          46    0.448239    0.433694  0.00215326
          47    0.443026    0.433893  0.00211628
          48    0.403295    0.433255  0.00216758
          49    0.452285    0.433644  0.00215811
          50    0.451185    0.433995  0.00214341
          51    0.423492    0.433789  0.00211103
          52    0.396252    0.433067  0.00219229
          53    0.399987    0.432443  0.00223927
          54    0.427363    0.432349  0.00219943
          55      0.4254    0.432222  0.00216276
          56    0.438411    0.432333  0.00212666
          57    0.411011    0.431959  0.00212224
          58    0.453525    0.432331  0.00211822
          59    0.423831    0.432186  0.00208699
          60    0.445592     0.43241  0.00206404
          61    0.468249    0.432997  0.00211324
          62    0.420288    0.432792  0.00208896
          63    0.458218    0.433196  0.00209478
          64    0.453569    0.433514  0.00208621
          65    0.440271    0.433618   0.0020565
          66     0.43905    0.433701  0.00202677
          67    0.430283     0.43365  0.00199694
          68    0.448827    0.433873  0.00197998
          69    0.441003    0.433976   0.0019538
          70    0.459107    0.434335  0.00195887
          71    0.423967    0.434189   0.0019366
          72    0.429401    0.434123  0.00191067
          73    0.438186    0.434178  0.00188513
          74     0.45211    0.434421  0.00187521
          75    0.404944    0.434028  0.00189132
          76    0.427311    0.433939  0.00186836
          77    0.443637    0.434065  0.00184823
          78    0.445603    0.434213  0.00183037
          79    0.430393    0.434165   0.0018077
          80     0.43203    0.434138  0.00178516
          81    0.427676    0.434058  0.00176479
          82    0.440761     0.43414  0.00174505
          83     0.40595      0.4338  0.00175704
          84    0.430032    0.433755  0.00173657
          85    0.420099    0.433595  0.00172353
          86    0.439788    0.433667  0.00170489
          87    0.438959    0.433728  0.00168628
          88    0.430153    0.433687   0.0016675
          89    0.458826    0.433969  0.00167268
          90    0.454142    0.434194  0.00166911
          91    0.426935    0.434114  0.00165259
          92    0.428166    0.434049   0.0016358
          93    0.434244    0.434051  0.00161812
          94    0.439196    0.434106  0.00160175
          95    0.414367    0.433898  0.00159836
          96    0.436722    0.433928   0.0015819
          97    0.469766    0.434297  0.00160851
          98    0.432059    0.434274  0.00159218
          99    0.435203    0.434284  0.00157604
         100    0.401564    0.433956  0.00159414
