           1    0.432216    0.432216           0
           2    0.440803     0.43651   0.0042935
           3    0.447275    0.440098  0.00436131
           4    0.433904     0.43855  0.00345086
           5    0.442537    0.439347  0.00278946
           6    0.438576    0.439219  0.00228121
           7    0.419258    0.436367  0.00344211
           8    0.434601    0.436146  0.00298912
           9    0.436181     0.43615  0.00263616
          10    0.416544     0.43419   0.0030665
          11    0.438785    0.434607  0.00280503
          12    0.435309    0.434666   0.0025613
          13    0.434369    0.434643  0.00235617
          14    0.442941    0.435236  0.00226048
          15    0.442352     0.43571  0.00215721
          16    0.426962    0.435163  0.00209065
          17     0.44062    0.435484  0.00198988
          18    0.438539    0.435654  0.00188374
          19    0.436633    0.435706  0.00178258
          20    0.432911    0.435566  0.00169687
          21    0.437723    0.435669  0.00161731
          22    0.434332    0.435608  0.00154324
          23    0.433717    0.435526  0.00147691
          24    0.438123    0.435634  0.00141817
          25    0.427376    0.435304  0.00139979
          26    0.441711     0.43555  0.00136727
          27    0.434455    0.435509  0.00131628
          28    0.444155    0.435818  0.00130544
          29    0.426875     0.43551  0.00129682
          30    0.444999    0.435826  0.00129216
          31    0.433912    0.435764  0.00125131
          32    0.441875    0.435955  0.00122653
          33    0.448372    0.436332   0.0012469
          34    0.436243    0.436329  0.00120968
          35    0.439683    0.436425  0.00117851
          36    0.447613    0.436736  0.00118672
          37    0.437631     0.43676  0.00115446
          38     0.43758    0.436781  0.00112387
          39    0.442201     0.43692  0.00110346
          40    0.438433    0.436958  0.00107618
          41    0.440757    0.437051  0.00105369
          42     0.43475    0.436996  0.00102975
          43    0.445808    0.437201  0.00102619
          44     0.43062    0.437051  0.00101369
          45    0.449664    0.437332  0.00102978
          46     0.42181    0.436994  0.00106217
          47    0.428191    0.436807  0.00105607
          48    0.430293    0.436671   0.0010427
          49    0.438746    0.436714  0.00102208
          50    0.438271    0.436745  0.00100191
          51    0.438873    0.436786 0.000982958
          52    0.430427    0.436664 0.000971598
          53    0.429775    0.436534 0.000961912
          54    0.433567    0.436479 0.000945528
          55    0.445324     0.43664 0.000942006
          56    0.451749     0.43691 0.000963577
          57    0.437778    0.436925 0.000946644
          58    0.438569    0.436953 0.000930611
          59    0.429306    0.436824 0.000923839
          60    0.442564    0.436919 0.000913336
          61    0.418536    0.436618 0.000947449
          62    0.445843    0.436767 0.000943843
          63    0.421133    0.436519  0.00096132
          64    0.435805    0.436508 0.000946246
          65     0.42407    0.436316 0.000951023
          66     0.43659     0.43632 0.000936512
          67    0.431561    0.436249  0.00092516
          68    0.437837    0.436273 0.000911752
          69    0.442026    0.436356 0.000902302
          70     0.44264    0.436446 0.000893837
          71    0.439464    0.436488 0.000882183
          72    0.431285    0.436416 0.000872841
          73     0.44585    0.436545 0.000870447
          74    0.435983    0.436538 0.000858638
          75    0.439056    0.436571 0.000847777
          76    0.448208    0.436724 0.000850445
          77    0.433094    0.436677 0.000840651
          78    0.437036    0.436682 0.000829816
          79    0.430244      0.4366 0.000823288
          80    0.435743     0.43659 0.000813003
          81    0.426737    0.436468 0.000812065
          82    0.435191    0.436452 0.000802252
          83      0.4418    0.436517 0.000795142
          84    0.450503    0.436683 0.000803068
          85    0.425499    0.436552 0.000804399
          86    0.437942    0.436568 0.000795155
          87    0.438662    0.436592  0.00078633
          88    0.444927    0.436687 0.000783093
          89    0.442555    0.436753 0.000777047
          90    0.430499    0.436683   0.0007715
          91    0.440071     0.43672 0.000763883
          92    0.434513    0.436696 0.000755915
          93    0.431724    0.436643 0.000749652
          94     0.43725    0.436649 0.000741662
          95    0.432452    0.436605 0.000735143
          96    0.436754    0.436607 0.000727446
          97    0.438718    0.436629 0.000720237
          98    0.438865    0.436651 0.000713215
          99    0.449404     0.43678  0.00071763
         100    0.444751     0.43686 0.000714876
