           1     1.91795     1.91795           0
           2     1.88931     1.90363   0.0143231
           3     1.85709     1.88812   0.0175792
           4     1.88396     1.88708   0.0124737
           5     1.99456     1.90857   0.0235688
           6     1.90429     1.90786   0.0192571
           7     1.87822     1.90363   0.0168171
           8     1.88842     1.90172   0.0146876
           9     1.88202     1.89953    0.013137
          10     1.84088     1.89367    0.013133
          11     1.94493     1.89833   0.0127605
          12      1.9425     1.90201   0.0122163
          13      1.9466     1.90544   0.0117493
          14     1.91633     1.90622   0.0109055
          15     1.92149     1.90724   0.0102034
          16     1.90883     1.90734  0.00954493
          17     1.91869       1.908  0.00899075
          18     1.91776     1.90855  0.00849387
          19     1.84536     1.90522  0.00869541
          20     1.90702     1.90531  0.00824969
          21     1.90444     1.90527  0.00784713
          22     1.87459     1.90387  0.00761082
          23     1.95781     1.90622  0.00764116
          24     1.95969     1.90845  0.00764763
          25     1.91222      1.9086   0.0073369
          26     1.88615     1.90773  0.00710175
          27     1.88363     1.90684  0.00689174
          28     1.93108     1.90771  0.00669722
          29     1.92744     1.90839  0.00649787
          30     1.86541     1.90696   0.0064389
          31     1.92896     1.90766  0.00626805
          32     1.94951     1.90897  0.00620826
          33     1.90777     1.90894   0.0060173
          34     1.98538     1.91118  0.00625562
          35     1.89837     1.91082  0.00608529
          36     1.92267     1.91115  0.00592299
          37     1.89368     1.91068  0.00577999
          38     1.87998     1.90987  0.00568352
          39     1.93625     1.91054  0.00557704
          40     1.92268     1.91085  0.00544428
          41     1.95652     1.91196  0.00542543
          42     1.85364     1.91057  0.00547374
          43     1.87936     1.90985    0.005394
          44     1.90834     1.90981   0.0052701
          45     1.91414     1.90991  0.00515255
          46     1.91637     1.91005  0.00504125
          47     1.91052     1.91006  0.00493284
          48     1.90419     1.90994  0.00483053
          49     1.90656     1.90987  0.00473142
          50     1.93663      1.9104  0.00466661
          51     1.90327     1.91026  0.00457633
          52     1.94015     1.91084  0.00452413
          53     1.93648     1.91132  0.00446423
          54     1.91589     1.91141   0.0043816
          55     1.94152     1.91195  0.00433589
          56     1.94601     1.91256  0.00430098
          57     1.91384     1.91258  0.00422491
          58     1.93311     1.91294  0.00416648
          59     1.89626     1.91266    0.004105
          60     1.85184     1.91164  0.00416134
          61     1.94246     1.91215  0.00412362
          62     1.92955     1.91243  0.00406626
          63     1.91651     1.91249  0.00400172
          64     1.89857     1.91227   0.0039447
          65       1.903     1.91213  0.00388616
          66     1.88064     1.91166  0.00385645
          67     1.99195     1.91285    0.003983
          68     1.89144     1.91254  0.00393661
          69     1.89939     1.91235  0.00388381
          70     1.92829     1.91258  0.00383469
          71     1.90819     1.91251   0.0037808
          72     1.82374     1.91128  0.00392652
          73     1.87465     1.91078  0.00390474
          74     1.89919     1.91062   0.0038548
          75      1.9459     1.91109  0.00383204
          76     1.88933     1.91081   0.0037921
          77     1.95421     1.91137  0.00378473
          78     1.87396     1.91089  0.00376656
          79     1.91855     1.91099  0.00371984
          80     1.89741     1.91082  0.00367697
          81      1.9043     1.91074  0.00363219
          82     1.96344     1.91138  0.00364473
          83     1.93284     1.91164  0.00360982
          84       1.935     1.91192  0.00357742
          85     1.90511     1.91184  0.00353599
          86     1.91619     1.91189  0.00349499
          87     1.88055     1.91153  0.00347331
          88     1.92653      1.9117  0.00343785
          89     1.87133     1.91124  0.00342912
          90     1.88789     1.91098  0.00340072
          91     1.94514     1.91136  0.00338402
          92     1.86074     1.91081  0.00339197
          93     1.91884      1.9109  0.00335641
          94     1.88837     1.91066  0.00332915
          95     1.88855     1.91042  0.00330212
          96     1.89376     1.91025  0.00327215
          97     1.88312     1.90997   0.0032503
          98     1.90515     1.90992  0.00321734
          99     1.91513     1.90997  0.00318511
         100      1.8803     1.90968  0.00316703
