           1   -0.681515   -0.681515           0
           2    -0.68124   -0.681377 0.000137333
           3   -0.683789   -0.682181   0.0008079
           4   -0.682139   -0.682171 0.000571371
           5   -0.682357   -0.682208 0.000444154
           6   -0.680739   -0.681963 0.000437591
           7   -0.683485   -0.682181 0.000429027
           8     -0.6848   -0.682508 0.000495235
           9   -0.679467    -0.68217 0.000552223
          10    -0.68064   -0.682017  0.00051708
          11   -0.683392   -0.682142  0.00048413
          12   -0.685304   -0.682406 0.000514536
          13   -0.683093   -0.682458 0.000476252
          14   -0.683971   -0.682566 0.000453962
          15   -0.685645   -0.682772 0.000469824
          16   -0.682341   -0.682745 0.000440302
          17   -0.682472   -0.682729 0.000413903
          18   -0.684355   -0.682819 0.000400549
          19   -0.685691    -0.68297 0.000407913
          20   -0.681301   -0.682887 0.000395875
          21   -0.680613   -0.682779 0.000391806
          22   -0.683251     -0.6828 0.000374188
          23   -0.683765   -0.682842 0.000360004
          24   -0.681653   -0.682792 0.000348218
          25   -0.680275   -0.682692 0.000348852
          26   -0.681589   -0.682649 0.000337837
          27   -0.684651   -0.682723 0.000333428
          28   -0.683904   -0.682766 0.000324054
          29   -0.681867   -0.682735 0.000314213
          30   -0.681501   -0.682694 0.000306329
          31   -0.684547   -0.682753 0.000302253
          32   -0.683403   -0.682774 0.000293358
          33      -0.682    -0.68275 0.000285294
          34   -0.684427   -0.682799 0.000281134
          35   -0.679192   -0.682696 0.000291794
          36   -0.683075   -0.682707 0.000283767
          37   -0.681173   -0.682665 0.000279086
          38   -0.680357   -0.682605  0.00027835
          39   -0.683317   -0.682623 0.000271734
          40   -0.683429   -0.682643  0.00026562
          41   -0.680872     -0.6826 0.000262637
          42   -0.683024    -0.68261 0.000256507
          43   -0.682616    -0.68261  0.00025047
          44   -0.681773   -0.682591  0.00024545
          45    -0.68348   -0.682611 0.000240745
          46   -0.681152   -0.682579  0.00023758
          47   -0.683891   -0.682607 0.000234138
          48   -0.682971   -0.682615 0.000229334
          49   -0.680723   -0.682576 0.000227899
          50   -0.683045   -0.682585 0.000223492
          51   -0.683459   -0.682603 0.000219734
          52   -0.682293   -0.682597 0.000215549
          53   -0.682629   -0.682597 0.000211444
          54   -0.681267   -0.682573 0.000208949
          55   -0.680955   -0.682543 0.000207214
          56   -0.681685   -0.682528 0.000204056
          57    -0.68128   -0.682506 0.000201636
          58   -0.682835   -0.682512  0.00019821
          59   -0.681797     -0.6825 0.000195197
          60   -0.682803   -0.682505 0.000191983
          61   -0.682165   -0.682499 0.000188891
          62   -0.681939    -0.68249 0.000186039
          63   -0.681664   -0.682477 0.000183531
          64   -0.682507   -0.682477 0.000180641
          65    -0.68072    -0.68245 0.000179884
          66   -0.682184   -0.682446 0.000177183
          67   -0.680624   -0.682419 0.000176626
          68   -0.681413   -0.682404 0.000174636
          69   -0.682235   -0.682402 0.000172104
          70   -0.679352   -0.682358 0.000175134
          71   -0.682949   -0.682367  0.00017285
          72   -0.681901    -0.68236 0.000170555
          73   -0.681699   -0.682351 0.000168446
          74   -0.680989   -0.682333  0.00016717
          75   -0.680195   -0.682304 0.000167371
          76   -0.680555   -0.682281 0.000166751
          77   -0.681016   -0.682265 0.000165389
          78    -0.68276   -0.682271 0.000163379
          79   -0.684416   -0.682298 0.000163567
          80    -0.68184   -0.682292 0.000161611
          81   -0.681797   -0.682286  0.00015972
          82   -0.679728   -0.682255 0.000160816
          83   -0.683032   -0.682265 0.000159142
          84     -0.6806   -0.682245 0.000158479
          85   -0.681123   -0.682231 0.000157159
          86   -0.682781   -0.682238 0.000155453
          87   -0.682627   -0.682242  0.00015372
          88   -0.682403   -0.682244 0.000151974
          89   -0.683085   -0.682254 0.000150554
          90   -0.681587   -0.682246 0.000149056
          91   -0.683085   -0.682255 0.000147697
          92    -0.68128   -0.682245 0.000146467
          93   -0.682152   -0.682244 0.000144887
          94   -0.680285   -0.682223 0.000144844
          95   -0.682067   -0.682221 0.000143321
          96   -0.680563   -0.682204 0.000142868
          97   -0.682328   -0.682205 0.000141394
          98   -0.682208   -0.682205 0.000139943
          99   -0.683096   -0.682214 0.000138814
         100   -0.681245   -0.682205 0.000137761
