           1    0.087908    0.087908           0
           2   0.0925467   0.0902273  0.00231933
           3    0.087132   0.0891956  0.00169046
           4   0.0744987   0.0855213  0.00386377
           5   0.0967867   0.0877744  0.00374614
           6    0.107185   0.0910096  0.00445218
           7   0.0860093   0.0902952  0.00382998
           8    0.101683   0.0917187  0.00360939
           9     0.07882   0.0902855  0.00349095
          10     0.10092   0.0913489  0.00329853
          11   0.0846907   0.0907436  0.00304441
          12   0.0912907   0.0907892  0.00277953
          13   0.0966653   0.0912412  0.00259644
          14    0.081432   0.0905406  0.00250387
          15    0.089032     0.09044  0.00233314
          16    0.075592    0.089512  0.00237156
          17   0.0824413   0.0890961  0.00226619
          18   0.0945947   0.0894016  0.00215831
          19   0.0925653   0.0895681  0.00204834
          20   0.0793973   0.0890595  0.00200866
          21    0.105696   0.0898517  0.00206835
          22   0.0916667   0.0899342  0.00197382
          23   0.0804573   0.0895222  0.00193053
          24   0.0984587   0.0898946  0.00188548
          25    0.089324   0.0898717  0.00180863
          26    0.103223   0.0903852  0.00181196
          27   0.0742813   0.0897888  0.00184275
          28   0.0824093   0.0895252  0.00179517
          29   0.0888533   0.0895021  0.00173232
          30   0.0896747   0.0895078  0.00167359
          31   0.0937987   0.0896462  0.00162461
          32   0.0801013    0.089348  0.00160105
          33    0.087592   0.0892947  0.00155269
          34   0.0820267    0.089081  0.00152142
          35    0.082516   0.0888934  0.00148917
          36   0.0831413   0.0887336  0.00145601
          37    0.079012   0.0884709  0.00144028
          38    0.091944   0.0885623  0.00140484
          39    0.082932   0.0884179  0.00137594
          40   0.0949853   0.0885821  0.00135111
          41   0.0955893    0.088753  0.00132878
          42    0.074324   0.0884095   0.0013415
          43   0.0894493   0.0884336  0.00131015
          44   0.0934347   0.0885473  0.00128507
          45    0.090548   0.0885918  0.00125697
          46   0.0914107    0.088653  0.00123087
          47   0.0852293   0.0885802   0.0012066
          48   0.0908147   0.0886267  0.00118211
          49   0.0848907   0.0885505  0.00116024
          50   0.0920027   0.0886195  0.00113889
          51   0.0919227   0.0886843  0.00111822
          52   0.0955213   0.0888158  0.00110435
          53    0.074788   0.0885511  0.00111518
          54   0.0870053   0.0885225  0.00109471
          55   0.0866253    0.088488  0.00107518
          56    0.098824   0.0886726  0.00107181
          57   0.0827827   0.0885692   0.0010579
          58   0.0712267   0.0882702  0.00108165
          59    0.112224   0.0886762  0.00113804
          60    0.076876   0.0884796  0.00113607
          61    0.082412   0.0883801  0.00112171
          62    0.090612   0.0884161  0.00110405
          63      0.0978    0.088565  0.00109655
          64   0.0889267   0.0885707   0.0010793
          65   0.0950013   0.0886696  0.00106716
          66   0.0882827   0.0886638  0.00105088
          67    0.111063   0.0889981  0.00108773
          68    0.105849   0.0892459  0.00109989
          69   0.0616373   0.0888458  0.00115533
          70   0.0963053   0.0889523  0.00114368
          71   0.0666533   0.0886383  0.00117039
          72    0.104609   0.0888601  0.00117514
          73     0.06858   0.0885823  0.00119177
          74   0.0967333   0.0886924   0.0011807
          75   0.0947627   0.0887734  0.00116766
          76   0.0766293   0.0886136  0.00116322
          77   0.0772653   0.0884662  0.00115744
          78   0.0766667   0.0883149  0.00115247
          79   0.0987813   0.0884474  0.00114548
          80   0.0934413   0.0885098  0.00113279
          81    0.100404   0.0886567  0.00112831
          82   0.0883667   0.0886531  0.00111447
          83   0.0622653   0.0883352  0.00114595
          84   0.0740587   0.0881652  0.00114491
          85   0.0934493   0.0882274  0.00113307
          86    0.094616   0.0883017  0.00112228
          87   0.0859693   0.0882749  0.00110962
          88   0.0928067   0.0883264  0.00109815
          89   0.0878027   0.0883205  0.00108576
          90   0.0719693   0.0881388  0.00108889
          91   0.0913413    0.088174  0.00107743
          92   0.0973613   0.0882739  0.00107033
          93   0.0787627   0.0881716  0.00106368
          94   0.0797933   0.0880825  0.00105607
          95   0.0860947   0.0880615  0.00104511
          96    0.098548   0.0881708  0.00103992
          97    0.105307   0.0883474  0.00104419
          98     0.06212   0.0880798  0.00106757
          99   0.0988907    0.088189  0.00106236
         100   0.0821093   0.0881282  0.00105344
