           1   -0.719352   -0.719352           0
           2   -0.718488    -0.71892    0.000432
           3   -0.720085   -0.719308 0.000461624
           4   -0.722304   -0.720057 0.000816935
           5   -0.718552   -0.719756 0.000700765
           6   -0.721947   -0.720121 0.000678715
           7    -0.72376   -0.720641 0.000774106
           8   -0.722405   -0.720862 0.000705735
           9   -0.722341   -0.721026 0.000643747
          10   -0.720992   -0.721023 0.000575795
          11   -0.720595   -0.720984 0.000522278
          12   -0.720469   -0.720941 0.000478696
          13   -0.720613   -0.720916 0.000441056
          14   -0.720541   -0.720889 0.000409213
          15   -0.722107    -0.72097 0.000389511
          16   -0.721421   -0.720998 0.000365443
          17   -0.723296   -0.721133 0.000368924
          18   -0.720368   -0.721091 0.000350415
          19   -0.721488   -0.721112 0.000332117
          20   -0.720187   -0.721066 0.000318452
          21   -0.719515   -0.720992 0.000311782
          22    -0.72128   -0.721005 0.000297561
          23   -0.717048   -0.720833 0.000332325
          24   -0.721344   -0.720854 0.000318889
          25   -0.722115   -0.720905 0.000309996
          26   -0.721323   -0.720921 0.000298268
          27   -0.722747   -0.720988 0.000294869
          28   -0.721179   -0.720995 0.000284225
          29   -0.720693   -0.720985 0.000274446
          30   -0.721813   -0.721012 0.000266575
          31   -0.719795   -0.720973 0.000260807
          32   -0.721429   -0.720987 0.000252928
          33   -0.722741    -0.72104  0.00025084
          34   -0.720531   -0.721025 0.000243812
          35   -0.723445   -0.721095 0.000246633
          36   -0.722037   -0.721121 0.000241111
          37   -0.720125   -0.721094 0.000236042
          38   -0.721475   -0.721104 0.000229965
          39   -0.719845   -0.721072 0.000226303
          40   -0.719933   -0.721043 0.000222401
          41   -0.718947   -0.720992 0.000222854
          42   -0.718909   -0.720942 0.000223065
          43    -0.71932   -0.720905 0.000221059
          44   -0.720829   -0.720903 0.000215984
          45   -0.721768   -0.720922 0.000212003
          46   -0.723781   -0.720984 0.000216459
          47   -0.719541   -0.720954 0.000214017
          48   -0.720997   -0.720955 0.000209513
          49   -0.722453   -0.720985 0.000207459
          50   -0.721536   -0.720996 0.000203566
          51   -0.720181    -0.72098 0.000200173
          52   -0.718965   -0.720941 0.000200074
          53   -0.717421   -0.720875 0.000207196
          54   -0.716755   -0.720799 0.000217169
          55    -0.72064   -0.720796 0.000213204
          56   -0.719275   -0.720769 0.000211117
          57   -0.721216   -0.720777 0.000207528
          58   -0.721341   -0.720786 0.000204151
          59   -0.718987   -0.720756 0.000202966
          60   -0.723507   -0.720802 0.000204754
          61   -0.721824   -0.720818 0.000202065
          62   -0.720003   -0.720805 0.000199215
          63   -0.719776   -0.720789 0.000196706
          64   -0.720509   -0.720784 0.000193658
          65   -0.720944   -0.720787 0.000190671
          66   -0.719659    -0.72077 0.000188536
          67   -0.718797    -0.72074  0.00018802
          68   -0.722928   -0.720773 0.000188008
          69   -0.721016   -0.720776 0.000185296
          70    -0.71844   -0.720743 0.000185654
          71   -0.719259   -0.720722  0.00018421
          72    -0.72076   -0.720722 0.000181635
          73     -0.7214   -0.720732  0.00017937
          74   -0.720013   -0.720722 0.000177195
          75   -0.722027   -0.720739  0.00017568
          76   -0.721923   -0.720755 0.000174051
          77   -0.719037   -0.720733 0.000173218
          78   -0.719941   -0.720722 0.000171283
          79   -0.719979   -0.720713 0.000169363
          80    -0.72036   -0.720709 0.000167291
          81   -0.721421   -0.720717 0.000165447
          82   -0.721477   -0.720727 0.000163679
          83   -0.720603   -0.720725 0.000161702
          84   -0.717224   -0.720684 0.000165113
          85    -0.72224   -0.720702 0.000164183
          86     -0.7204   -0.720698 0.000162301
          87   -0.719176   -0.720681 0.000161376
          88   -0.720309   -0.720677 0.000159588
          89   -0.719395   -0.720662  0.00015844
          90   -0.721557   -0.720672 0.000156985
          91   -0.721301   -0.720679 0.000155405
          92   -0.724165   -0.720717 0.000158308
          93   -0.719757   -0.720707 0.000156937
          94   -0.719832   -0.720697 0.000155537
          95   -0.720989     -0.7207 0.000153921
          96   -0.722168   -0.720716 0.000153075
          97   -0.720771   -0.720716  0.00015149
          98   -0.718459   -0.720693 0.000151695
          99    -0.72004   -0.720687   0.0001503
         100   -0.720288   -0.720683 0.000148843
