           1     13.0616     13.0616           0
           2     14.7712     13.9164     0.85478
           3     15.5519     14.4616     0.73536
           4     16.6656     15.0126    0.757628
           5     15.9954     15.2091    0.618898
           6     15.3463      15.232    0.505845
           7     14.8851     15.1824     0.43038
           8     16.3902     15.3334    0.402136
           9     15.0197     15.2985     0.35636
          10     15.8831      15.357    0.324053
          11     13.2772     15.1679    0.348806
          12     15.1764     15.1686    0.318416
          13     13.9327     15.0736    0.307943
          14     15.5498     15.1076    0.287122
          15     14.1361     15.0428     0.27503
          16     15.0911     15.0458    0.257285
          17     15.6803     15.0832    0.244542
          18      15.139     15.0863    0.230577
          19      15.484     15.1072    0.219107
          20     16.8121     15.1924    0.224664
          21     14.6821     15.1681    0.215076
          22     16.1627     15.2133     0.20999
          23     14.8916     15.1994     0.20114
          24     14.2712     15.1607    0.196422
          25     15.3636     15.1688    0.188576
          26     15.9957     15.2006    0.183948
          27     15.9271     15.2275    0.179037
          28     14.9721     15.2184    0.172766
          29     15.0836     15.2137    0.166767
          30     15.3328     15.2177    0.161161
          31     15.3242     15.2211    0.155913
          32     15.8339     15.2403    0.152172
          33      15.888     15.2599    0.148789
          34     15.3071     15.2613    0.144353
          35     14.5647     15.2414    0.141574
          36     14.7182     15.2269     0.13835
          37     14.4477     15.2058    0.136197
          38     15.3544     15.2097    0.132622
          39     13.7053     15.1712    0.134814
          40      14.837     15.1628    0.131665
          41     15.3661     15.1678     0.12851
          42     14.9726     15.1631    0.125499
          43     15.7984     15.1779    0.123433
          44     14.8155     15.1696    0.120876
          45     14.2102     15.1483    0.120067
          46      15.752     15.1615    0.118159
          47     14.6853     15.1513    0.116061
          48     15.8382     15.1656    0.114515
          49     15.8801     15.1802    0.113098
          50     14.3577     15.1638    0.112027
          51     15.5879     15.1721    0.110123
          52     15.4755     15.1779    0.108142
          53     13.3987     15.1443    0.111267
          54      14.392     15.1304    0.110072
          55     14.8394     15.1251    0.108182
          56     16.4612      15.149    0.108879
          57     14.5787      15.139    0.107419
          58     15.2729     15.1413    0.105575
          59      14.401     15.1287    0.104526
          60      14.002       15.11    0.104471
          61     14.6742     15.1028    0.102992
          62     15.6526     15.1117    0.101705
          63     15.0833     15.1112    0.100079
          64     17.0433     15.1414    0.103025
          65     14.7768     15.1358    0.101583
          66     15.2433     15.1374    0.100045
          67      14.519     15.1282   0.0989717
          68     16.4225     15.1472   0.0993457
          69     17.3184     15.1787    0.102828
          70     14.0193     15.1621    0.102693
          71     14.0272     15.1462    0.102491
          72     15.2641     15.1478     0.10107
          73     16.3823     15.1647    0.101101
          74      15.828     15.1737    0.100127
          75     14.8851     15.1698    0.098858
          76     16.5495      15.188   0.0992233
          77     14.6478      15.181   0.0981771
          78     15.3781     15.1835   0.0969432
          79     13.9943     15.1684   0.0968848
          80     15.8795     15.1773   0.0960781
          81     16.7017     15.1961   0.0967328
          82     14.5389     15.1881   0.0958815
          83     17.2438     15.2129   0.0979037
          84     14.4702     15.2041   0.0971344
          85     15.8644     15.2118   0.0962987
          86     14.7847     15.2069   0.0953018
          87     16.6042     15.2229   0.0955595
          88     14.1849     15.2111   0.0952009
          89     14.9644     15.2083   0.0941659
          90     14.6168     15.2018   0.0933454
          91     14.8133     15.1975   0.0924126
          92     14.8051     15.1932   0.0915021
          93     15.5115     15.1967   0.0905775
          94     16.4006     15.2095   0.0905194
          95     15.9516     15.2173   0.0899016
          96     14.7725     15.2127   0.0890808
          97     14.3087     15.2033   0.0886489
          98     14.5376     15.1965   0.0880022
          99     15.3196     15.1978   0.0871176
         100     16.6776     15.2126   0.0875025
