           1    0.141563    0.141563           0
           2    0.147157     0.14436  0.00279733
           3    0.144436    0.144385  0.00161524
           4     0.16424    0.149349  0.00509338
           5    0.159453     0.15137  0.00443276
           6    0.134455    0.148551  0.00458775
           7    0.137044    0.146907  0.00421142
           8    0.162609     0.14887  0.00414182
           9    0.153423    0.149376   0.0036876
          10    0.168345    0.151273   0.0038049
          11    0.144595    0.150665  0.00349479
          12    0.147665    0.150415  0.00320008
          13    0.155159     0.15078  0.00296617
          14    0.122173    0.148737  0.00342295
          15    0.116309    0.146575   0.0038507
          16    0.141523    0.146259  0.00361582
          17    0.150973    0.146537  0.00340777
          18      0.1388    0.146107   0.0032415
          19    0.131484    0.145337  0.00316127
          20    0.115387     0.14384  0.00335214
          21    0.154293    0.144337  0.00322714
          22    0.145369    0.144384  0.00307732
          23    0.142688    0.144311   0.0029414
          24    0.146661    0.144409  0.00281788
          25    0.106641    0.142898  0.00309635
          26    0.147217    0.143064  0.00297952
          27    0.140508    0.142969   0.0028686
          28    0.138977    0.142827  0.00276793
          29    0.187159    0.144355  0.00307733
          30    0.117561    0.143462  0.00310424
          31    0.163072    0.144095  0.00306835
          32    0.146419    0.144168   0.0029718
          33    0.151568    0.144392  0.00288906
          34    0.143071    0.144353  0.00280307
          35    0.132727    0.144021    0.002742
          36    0.152399    0.144253  0.00267488
          37    0.130123    0.143872  0.00262947
          38    0.142247    0.143829  0.00255969
          39    0.158843    0.144214  0.00252274
          40    0.146088    0.144261  0.00245931
          41    0.143527    0.144243  0.00239865
          42    0.143627    0.144228  0.00234088
          43    0.154716    0.144472  0.00229877
          44    0.146081    0.144509  0.00224622
          45    0.173539    0.145154  0.00228854
          46    0.107031    0.144325  0.00238675
          47    0.172329    0.144921  0.00241022
          48    0.147579    0.144976  0.00236013
          49    0.151908    0.145118  0.00231578
          50    0.142864    0.145072  0.00226944
          51    0.157339    0.145313  0.00223746
          52    0.137765    0.145168  0.00219881
          53    0.127444    0.144833  0.00218269
          54    0.145567    0.144847  0.00214193
          55    0.141593    0.144788  0.00210346
          56    0.156459    0.144996  0.00207604
          57    0.131649    0.144762   0.0020527
          58    0.167005    0.145146  0.00205313
          59    0.128691    0.144867  0.00203721
          60    0.162017    0.145153  0.00202326
          61    0.162343    0.145434  0.00200968
          62    0.142504    0.145387  0.00197756
          63    0.151948    0.145491   0.0019487
          64    0.145396     0.14549  0.00191801
          65    0.151576    0.145583   0.0018906
          66    0.161623    0.145826  0.00187752
          67    0.132113    0.145622  0.00186058
          68    0.158528    0.145812  0.00184281
          69     0.14036    0.145733  0.00181763
          70    0.143888    0.145706  0.00179167
          71      0.1596    0.145902  0.00177706
          72    0.138281    0.145796   0.0017554
          73      0.1536    0.145903  0.00173448
          74    0.155911    0.146038  0.00171622
          75    0.141849    0.145982   0.0016941
          76    0.170289    0.146302  0.00170198
          77    0.143399    0.146264  0.00168016
          78    0.135161    0.146122  0.00166458
          79    0.131815    0.145941  0.00165332
          80    0.134255    0.145795  0.00163904
          81    0.154932    0.145908  0.00162261
          82    0.137849    0.145809  0.00160571
          83    0.150973    0.145872  0.00158746
          84    0.128513    0.145665  0.00158201
          85    0.142812    0.145631  0.00156364
          86    0.147889    0.145658  0.00154558
          87    0.162567    0.145852  0.00154002
          88     0.13816    0.145765  0.00152493
          89    0.140492    0.145705  0.00150886
          90    0.152108    0.145777   0.0014937
          91    0.161444    0.145949  0.00148719
          92    0.133555    0.145814  0.00147709
          93    0.137608    0.145726  0.00146379
          94    0.149689    0.145768  0.00144874
          95    0.143988    0.145749  0.00143354
          96    0.163869    0.145938  0.00143103
          97    0.138529    0.145862  0.00141826
          98    0.124864    0.145647  0.00141997
          99    0.177871    0.145973  0.00144275
         100    0.154828    0.146061  0.00143099
