           1    0.081444    0.081444           0
           2   0.0633253   0.0723847  0.00905933
           3   0.0743573   0.0730422  0.00527158
           4   0.0819853    0.075278  0.00434666
           5   0.0851987   0.0772621  0.00390805
           6   0.0602813    0.074432  0.00426516
           7    0.074412   0.0744291  0.00360472
           8   0.0717867   0.0740988   0.0031392
           9    0.088756   0.0757274    0.003212
          10   0.0681893   0.0749736  0.00297015
          11   0.0827067   0.0756766  0.00277705
          12     0.07304   0.0754569   0.0025446
          13   0.0672773   0.0748277  0.00242378
          14   0.0556853   0.0734604  0.00262774
          15   0.0563333   0.0723186  0.00269964
          16   0.0621693   0.0716843  0.00260373
          17   0.0764053    0.071962   0.0024615
          18   0.0691293   0.0718046  0.00232605
          19    0.074188     0.07193   0.0022038
          20   0.0714973   0.0719084  0.00209082
          21    0.063532   0.0715095  0.00202837
          22    0.070952   0.0714842  0.00193414
          23   0.0611813   0.0710362  0.00190165
          24   0.0714773   0.0710546  0.00182078
          25   0.0738973   0.0711683  0.00175013
          26    0.071796   0.0711925  0.00168164
          27    0.079728   0.0715086  0.00164875
          28   0.0582333   0.0710345  0.00165801
          29    0.079884   0.0713396  0.00162866
          30    0.061316   0.0710055  0.00160852
          31   0.0823227   0.0713706  0.00159803
          32    0.068548   0.0712824  0.00154979
          33   0.0742493   0.0713723  0.00150479
          34   0.0462693    0.070634  0.00163594
          35   0.0735853   0.0707183  0.00159075
          36   0.0826427   0.0710495  0.00158102
          37   0.0639613   0.0708579  0.00154958
          38   0.0673707   0.0707662  0.00151104
          39    0.071888   0.0707949  0.00147207
          40     0.06894   0.0707486  0.00143554
          41   0.0673213    0.070665  0.00140258
          42   0.0683147    0.070609  0.00136993
          43   0.0693467   0.0705797  0.00133801
          44      0.0706   0.0705801  0.00130725
          45   0.0639707   0.0704332  0.00128628
          46   0.0719893   0.0704671  0.00125846
          47     0.09416   0.0709712  0.00133058
          48   0.0703853    0.070959  0.00130263
          49   0.0658787   0.0708553  0.00127997
          50   0.0779053   0.0709963  0.00126201
          51     0.07772   0.0711281  0.00124402
          52   0.0748187   0.0711991  0.00122193
          53    0.073732   0.0712469   0.0011996
          54   0.0673787   0.0711753  0.00117936
          55    0.043952   0.0706803  0.00125909
          56    0.076796   0.0707895  0.00124121
          57   0.0674907   0.0707316  0.00122062
          58   0.0625387   0.0705904  0.00120768
          59   0.0751107    0.070667   0.0011895
          60   0.0624333   0.0705298  0.00117753
          61   0.0562507   0.0702957  0.00118149
          62   0.0702267   0.0702946  0.00116227
          63     0.07902   0.0704331  0.00115203
          64   0.0685147   0.0704031  0.00113429
          65    0.077436   0.0705113  0.00112193
          66   0.0600373   0.0703526  0.00111614
          67   0.0797053   0.0704922  0.00110818
          68   0.0729933    0.070529  0.00109238
          69     0.06822   0.0704955  0.00107695
          70    0.059444   0.0703376  0.00107313
          71    0.063916   0.0702472  0.00106177
          72   0.0815053   0.0704035  0.00105853
          73   0.0685827   0.0703786  0.00104423
          74   0.0733373   0.0704186   0.0010308
          75   0.0716493    0.070435  0.00101709
          76    0.079944   0.0705601  0.00101139
          77   0.0798973   0.0706814  0.00100551
          78   0.0649987   0.0706085 0.000995202
          79   0.0680987   0.0705767 0.000983038
          80    0.070664   0.0705778 0.000970673
          81    0.072636   0.0706032 0.000958951
          82   0.0682067    0.070574 0.000947635
          83      0.0725   0.0705972 0.000936435
          84   0.0888533   0.0708146 0.000950404
          85     0.06328   0.0707259  0.00094333
          86   0.0640347   0.0706481 0.000935537
          87   0.0758773   0.0707082 0.000926673
          88   0.0790133   0.0708026  0.00092093
          89    0.083128   0.0709411 0.000920996
          90    0.060288   0.0708227 0.000918365
          91    0.063156   0.0707385 0.000912116
          92   0.0787733   0.0708258 0.000906365
          93    0.068728   0.0708032  0.00089685
          94   0.0658773   0.0707508 0.000888804
          95   0.0641227   0.0706811 0.000882162
          96   0.0663333   0.0706358 0.000874098
          97   0.0623947   0.0705508 0.000869202
          98   0.0657133   0.0705015 0.000861702
          99   0.0747133    0.070544 0.000854014
         100   0.0768293   0.0706069 0.000847764
