           1     1.37456     1.37456           0
           2      1.3366     1.35558   0.0189793
           3     1.36731     1.35949   0.0116344
           4     1.32459     1.35077   0.0119926
           5     1.34567     1.34975  0.00934529
           6     1.36804     1.35279  0.00821703
           7     1.37247     1.35561  0.00749178
           8     1.35538     1.35558  0.00648814
           9     1.32425      1.3521  0.00669781
          10     1.32985     1.34987  0.00639024
          11     1.33701      1.3487   0.0058973
          12     1.36471     1.35004  0.00554638
          13     1.34831      1.3499  0.00510366
          14     1.33356     1.34874   0.0048671
          15     1.40119     1.35223  0.00572343
          16     1.34472     1.35176  0.00537434
          17     1.34413     1.35131  0.00506823
          18     1.32506     1.34986  0.00499597
          19     1.37782     1.35133  0.00494955
          20      1.2996     1.34874  0.00536079
          21     1.36502     1.34952  0.00515768
          22     1.36747     1.35033  0.00498492
          23     1.29727     1.34803  0.00529255
          24     1.33901     1.34765  0.00508112
          25     1.38763     1.34925  0.00512925
          26     1.38643     1.35068  0.00513127
          27     1.35255     1.35075  0.00493805
          28     1.35361     1.35085  0.00475953
          29     1.36945     1.35149  0.00463703
          30     1.38652     1.35266  0.00462946
          31     1.34403     1.35238  0.00448628
          32     1.34554     1.35217  0.00434909
          33     1.33428     1.35162  0.00424993
          34     1.35028     1.35159  0.00412322
          35      1.3547     1.35167  0.00400467
          36     1.33149     1.35111  0.00393201
          37     1.31246     1.35007  0.00396439
          38     1.37896     1.35083  0.00393284
          39     1.39436     1.35195  0.00398996
          40     1.34974     1.35189  0.00388932
          41      1.3894     1.35281  0.00390203
          42     1.39493     1.35381  0.00393789
          43     1.35378     1.35381  0.00384522
          44     1.35627     1.35386  0.00375723
          45     1.37277     1.35428  0.00369675
          46     1.35399     1.35428   0.0036155
          47     1.32958     1.35375  0.00357654
          48     1.37816     1.35426  0.00353795
          49     1.33743     1.35392  0.00348198
          50     1.32143     1.35327  0.00347295
          51     1.34824     1.35317   0.0034056
          52     1.35847     1.35327  0.00334102
          53     1.32867     1.35281  0.00331008
          54     1.38338     1.35337  0.00329718
          55     1.36143     1.35352  0.00323999
          56     1.37519     1.35391  0.00320505
          57     1.34763      1.3538  0.00315025
          58     1.39764     1.35455  0.00318643
          59     1.39091     1.35517  0.00319202
          60      1.3287     1.35473  0.00316921
          61     1.36973     1.35497  0.00312652
          62     1.41403     1.35593   0.0032198
          63     1.33238     1.35555  0.00319025
          64     1.37883     1.35592  0.00316099
          65     1.35495      1.3559  0.00311202
          66     1.35993     1.35596  0.00306511
          67       1.356     1.35596  0.00301902
          68     1.33901     1.35571  0.00298472
          69     1.29202     1.35479  0.00308261
          70     1.32217     1.35432  0.00307378
          71     1.37932     1.35468  0.00305056
          72     1.33578     1.35441  0.00301932
          73     1.33583     1.35416  0.00298853
          74     1.32876     1.35382  0.00296779
          75     1.35076     1.35378  0.00292823
          76      1.3222     1.35336  0.00291915
          77      1.3557     1.35339  0.00288115
          78     1.32563     1.35303  0.00286616
          79     1.36881     1.35323  0.00283668
          80     1.38585     1.35364  0.00283052
          81     1.34407     1.35352  0.00279785
          82     1.33561     1.35331  0.00277214
          83     1.36368     1.35343  0.00274139
          84     1.38707     1.35383    0.002738
          85     1.35031     1.35379  0.00270591
          86      1.3925     1.35424  0.00271188
          87     1.33756     1.35405  0.00268738
          88     1.41837     1.35478   0.0027554
          89     1.36833     1.35493  0.00272851
          90     1.35201      1.3549  0.00269822
          91     1.39601     1.35535  0.00270638
          92     1.34373     1.35522  0.00267977
          93     1.33823     1.35504  0.00265709
          94     1.36488     1.35515  0.00263076
          95     1.37589     1.35536  0.00261206
          96     1.29703     1.35476  0.00265518
          97     1.33245     1.35453  0.00263771
          98      1.3583     1.35457  0.00261094
          99     1.37829      1.3548  0.00259551
         100     1.36207     1.35488  0.00257045
