           1     27.4365     27.4365           0
           2     23.9317     25.6841      1.7524
           3     23.9704     25.1129     1.16188
           4     25.1075     25.1115    0.821573
           5      21.794      24.448    0.919372
           6      25.357     24.5995    0.765799
           7     25.3891     24.7123    0.656974
           8     23.2628     24.5311     0.59711
           9     22.2831     24.2814    0.582838
          10     25.4245     24.3957    0.533692
          11     23.2488     24.2914    0.493872
          12     24.4319     24.3031    0.450993
          13     26.5443     24.4755    0.449249
          14     22.8427     24.3589    0.431966
          15     25.6311     24.4437    0.410985
          16     23.9586     24.4134    0.385635
          17     25.4701     24.4755    0.367536
          18     26.5922     24.5931    0.365925
          19     23.3221     24.5262    0.352536
          20     23.0566     24.4528    0.342421
          21      24.187     24.4401    0.325953
          22     24.4389       24.44    0.310784
          23     27.2031     24.5602    0.320343
          24     24.4836      24.557    0.306722
          25     26.3888     24.6303    0.303184
          26      25.671     24.6703    0.294027
          27     24.4023     24.6604    0.283102
          28     25.3067     24.6834    0.273779
          29     22.8033     24.6186    0.272008
          30     26.2074     24.6716    0.268069
          31     25.4284      24.696    0.260424
          32     25.3479     24.7164    0.252976
          33     24.4662     24.7088    0.245308
          34     24.8298     24.7123     0.23801
          35     24.7036     24.7121     0.23111
          36     25.8892     24.7448    0.226966
          37     23.4736     24.7104    0.223404
          38     25.3456     24.7271    0.218087
          39     22.1467      24.661    0.222488
          40     22.7064     24.6121    0.222291
          41     23.9525      24.596    0.217398
          42      23.526     24.5706    0.213683
          43     27.8588      24.647    0.222226
          44     24.5797     24.6455    0.217122
          45     25.9287      24.674    0.214149
          46     26.2616     24.7085    0.212267
          47     25.4151     24.7236    0.208245
          48     22.8441     24.6844    0.207586
          49     26.1196     24.7137    0.205405
          50     25.7048     24.7335    0.202229
          51     23.8132     24.7155    0.199043
          52     20.9724     24.6435    0.208029
          53     22.2443     24.5982    0.209027
          54     25.0769     24.6071    0.205311
          55     25.6769     24.6265     0.20248
          56     26.3711     24.6577    0.201257
          57     24.6404     24.6574    0.197695
          58     24.6091     24.6566    0.194258
          59     26.4859     24.6876    0.193438
          60     24.2845     24.6808    0.190305
          61     23.7929     24.6663    0.187725
          62     23.7445     24.6514     0.18527
          63     26.7458     24.6847    0.185312
          64     28.3477     24.7419    0.191162
          65     22.8397     24.7126     0.19046
          66     25.1368     24.7191    0.187662
          67     26.6638     24.7481    0.187105
          68     25.4478     24.7584     0.18462
          69     22.7407     24.7291     0.18426
          70     24.3976     24.7244     0.18167
          71      24.178     24.7167    0.179258
          72     25.8488     24.7324    0.177449
          73      25.587     24.7441    0.175393
          74     24.8427     24.7455    0.173011
          75     20.3621      24.687    0.180418
          76     23.7905     24.6752    0.178418
          77     26.1276     24.6941    0.177093
          78     26.0429     24.7114    0.175662
          79     25.4092     24.7202    0.173649
          80     25.5791     24.7309      0.1718
          81     23.1276     24.7111    0.170816
          82     24.9539     24.7141    0.168746
          83     23.6362     24.7011    0.167206
          84     25.9211     24.7156    0.165841
          85      23.345     24.6995     0.16467
          86     26.6204     24.7219    0.164269
          87     25.0449     24.7256    0.162412
          88     23.2421     24.7087    0.161439
          89     25.9485     24.7226    0.160221
          90     25.3292     24.7294    0.158574
          91     22.6613     24.7067     0.15846
          92     25.6191     24.7166    0.157042
          93     22.9906      24.698    0.156449
          94     25.2525     24.7039    0.154888
          95     20.4755     24.6594    0.159582
          96     25.6788       24.67    0.158267
          97     26.1803     24.6856    0.157399
          98     25.5637     24.6946    0.156042
          99     27.2847     24.7207    0.156658
         100     23.1602     24.7051    0.155867
