           1     7.84116     7.84116           0
           2     7.41914     7.63015    0.211009
           3     7.33283     7.53105    0.157047
           4     7.56212     7.53882    0.111321
           5     7.51893     7.53484   0.0863203
           6     7.48741     7.52693   0.0709221
           7     7.34329      7.5007   0.0654298
           8     7.27832      7.4729   0.0631149
           9     7.44422     7.46972   0.0557532
          10     7.44595     7.46734   0.0499238
          11     7.15034     7.43852   0.0535695
          12      7.2311     7.42124   0.0518671
          13     7.67248     7.44056   0.0514766
          14     7.41319     7.43861   0.0476981
          15     7.02679     7.41115   0.0522066
          16     7.48412     7.41571   0.0490473
          17     7.24699     7.40579   0.0471287
          18     7.30562     7.40022   0.0447805
          19      7.0165     7.38003   0.0469263
          20     7.40833     7.38144   0.0445407
          21     7.42357     7.38345   0.0424141
          22     7.25635     7.37767   0.0408509
          23     7.34317     7.37617   0.0390632
          24     7.83807     7.39542   0.0420616
          25     7.19711     7.38749   0.0411164
          26     7.47367      7.3908   0.0396422
          27     7.25247     7.38568   0.0384883
          28     7.44971     7.38796   0.0371586
          29     7.20511     7.38166   0.0364046
          30     6.82647     7.36315   0.0397419
          31     7.39398     7.36415   0.0384514
          32     7.20255      7.3591   0.0375713
          33     7.49325     7.36316   0.0366412
          34     7.45384     7.36583   0.0356471
          35     7.33216     7.36487    0.034627
          36     7.50871     7.36886   0.0338878
          37     7.16629     7.36339   0.0334108
          38     7.40011     7.36435    0.032534
          39     7.18508     7.35976   0.0320205
          40     7.31954     7.35875   0.0312259
          41     7.06595     7.35161   0.0312809
          42     7.40939     7.35299    0.030558
          43     7.34773     7.35286   0.0298392
          44     7.53828     7.35708   0.0294561
          45     7.88443      7.3688   0.0310875
          46     7.31512     7.36763   0.0304266
          47     7.16502     7.36332   0.0300826
          48     7.25455     7.36105   0.0295363
          49     7.15377     7.35682   0.0292349
          50     7.33315     7.35635   0.0286482
          51     7.21394     7.35356   0.0282193
          52      7.2336     7.35125   0.0277673
          53      7.4163     7.35248    0.027266
          54     7.42167     7.35376    0.026787
          55     7.58871     7.35803   0.0266402
          56     6.78924     7.34787   0.0280627
          57      7.3018     7.34707   0.0275778
          58      7.8887      7.3564   0.0286622
          59     7.69086     7.36207   0.0287369
          60     7.58892     7.36585   0.0285057
          61     7.18178     7.36284   0.0281964
          62     7.17747     7.35985   0.0278986
          63     8.13335     7.37212   0.0300727
          64     7.83789      7.3794   0.0304806
          65     7.47723     7.38091   0.0300458
          66     7.00801     7.37526   0.0301216
          67     7.31306     7.37433   0.0296832
          68     7.40943     7.37485    0.029248
          69     7.72832     7.37997   0.0292727
          70     7.55966     7.38253   0.0289655
          71     6.92508     7.37609   0.0292725
          72     7.75994     7.38142   0.0293513
          73     7.12271     7.37788   0.0291625
          74     6.99274     7.37267   0.0292328
          75     7.11071     7.36918   0.0290511
          76     7.67405     7.37319   0.0289456
          77     7.59966     7.37613   0.0287182
          78     7.02197     7.37159    0.028709
          79     7.45249     7.37262   0.0283618
          80     6.87625     7.36641   0.0286841
          81     7.68803     7.37038   0.0286047
          82     7.17339     7.36798   0.0283556
          83     7.47045     7.36922   0.0280391
          84     7.68122     7.37293   0.0279512
          85     7.59703     7.37557   0.0277459
          86     7.14352     7.37287   0.0275539
          87     7.51573     7.37451   0.0272848
          88     7.74325      7.3787   0.0272964
          89     7.91845     7.38477    0.027661
          90     7.06883     7.38125   0.0275763
          91     7.47071     7.38224   0.0272893
          92     7.19403     7.38019   0.0270684
          93     7.27422     7.37905      0.0268
          94     7.41787     7.37947   0.0265166
          95     7.10591     7.37659   0.0263935
          96     7.79001     7.38089   0.0264698
          97     7.59862     7.38314   0.0262915
          98     7.56986     7.38504   0.0260915
          99     7.77089     7.38894    0.026119
         100     7.23116     7.38736   0.0259046
