           1     1.73075     1.73075           0
           2     1.68448     1.70762   0.0231326
           3     1.69589     1.70371   0.0139157
           4     1.64267     1.68845   0.0181569
           5     1.70052     1.69086   0.0142699
           6     1.66054     1.68581   0.0127001
           7     1.68418     1.68558   0.0107361
           8     1.66882     1.68348   0.0095306
           9     1.68325     1.68346  0.00840524
          10     1.69685      1.6848  0.00763617
          11     1.65569     1.68215  0.00739667
          12     1.69063     1.68286  0.00678906
          13     1.62868     1.67869  0.00750802
          14     1.70073     1.68026  0.00712722
          15     1.72256     1.68308  0.00720933
          16     1.72614     1.68577  0.00726088
          17     1.67723     1.68527   0.0068389
          18     1.73434       1.688  0.00700036
          19     1.64232     1.68559  0.00704455
          20     1.66997     1.68481  0.00672856
          21     1.66936     1.68408  0.00644232
          22     1.73466     1.68638  0.00655871
          23     1.73946     1.68868  0.00667857
          24     1.69758     1.68905  0.00640497
          25     1.71816     1.69022  0.00625276
          26     1.65447     1.68884  0.00616281
          27     1.68732     1.68879  0.00593044
          28     1.70093     1.68922  0.00573115
          29     1.69341     1.68936  0.00553188
          30     1.66747     1.68863  0.00539391
          31     1.67107     1.68807   0.0052477
          32     1.66488     1.68734  0.00513248
          33     1.68907      1.6874  0.00497479
          34     1.70272     1.68785  0.00484727
          35     1.67104     1.68737  0.00473117
          36     1.67579     1.68704   0.0046091
          37     1.71737     1.68786  0.00455712
          38      1.6951     1.68806  0.00443966
          39     1.68643     1.68801  0.00432453
          40     1.70216     1.68837  0.00422984
          41     1.64964     1.68742  0.00423215
          42     1.71865     1.68817  0.00419656
          43     1.69639     1.68836  0.00410226
          44     1.66694     1.68787   0.0040374
          45     1.68645     1.68784  0.00394679
          46     1.65743     1.68718  0.00391622
          47     1.67926     1.68701  0.00383569
          48     1.72791     1.68786  0.00385041
          49     1.72463     1.68861  0.00384494
          50     1.64379     1.68772  0.00387245
          51     1.68016     1.68757  0.00379865
          52     1.69081     1.68763   0.0037254
          53     1.65589     1.68703  0.00370318
          54     1.70329     1.68733  0.00364641
          55     1.70692     1.68769  0.00359717
          56     1.72952     1.68843  0.00361047
          57     1.71596     1.68892   0.0035793
          58     1.66052     1.68843  0.00355095
          59     1.67947     1.68828  0.00349355
          60     1.67011     1.68797  0.00344816
          61      1.7239     1.68856  0.00344193
          62     1.72129     1.68909  0.00342685
          63      1.6326     1.68819  0.00348921
          64     1.65725     1.68771  0.00346814
          65     1.68425     1.68766  0.00341478
          66     1.66661     1.68734  0.00337773
          67     1.69616     1.68747  0.00332954
          68     1.73664     1.68819  0.00335896
          69      1.7084     1.68849  0.00332286
          70     1.68141     1.68838   0.0032766
          71     1.71931     1.68882  0.00325936
          72     1.70373     1.68903  0.00322044
          73      1.6313     1.68824  0.00327299
          74     1.63542     1.68752  0.00330641
          75     1.64584     1.68697  0.00330902
          76     1.72609     1.68748  0.00330552
          77     1.70261     1.68768  0.00326822
          78       1.669     1.68744  0.00323492
          79     1.68591     1.68742  0.00319377
          80     1.68447     1.68738  0.00315381
          81     1.68883      1.6874  0.00311468
          82     1.65599     1.68702  0.00310022
          83     1.69586     1.68712  0.00306449
          84     1.70296     1.68731  0.00303366
          85     1.68658      1.6873  0.00299777
          86     1.65352     1.68691  0.00298864
          87     1.74929     1.68763  0.00303986
          88     1.66935     1.68742  0.00301228
          89     1.68696     1.68742  0.00297825
          90      1.6358     1.68684  0.00300029
          91     1.68445     1.68682  0.00296725
          92     1.69858     1.68694  0.00293761
          93      1.7054     1.68714  0.00291262
          94     1.63596      1.6866  0.00293245
          95     1.71419     1.68689  0.00291592
          96      1.6247     1.68624  0.00295722
          97     1.75508     1.68695   0.0030114
          98     1.73887     1.68748  0.00302723
          99     1.65977      1.6872  0.00300953
         100     1.68023     1.68713   0.0029801
