           1    0.212877    0.212877           0
           2    0.210829    0.211853  0.00102436
           3    0.213025    0.212244 0.000708783
           4    0.211183    0.211978 0.000566997
           5    0.213484     0.21228 0.000532526
           6    0.212827    0.212371  0.00044428
           7    0.214709    0.212705 0.000502519
           8    0.215319    0.213032 0.000544224
           9     0.21397    0.213136  0.00049115
          10    0.207865    0.212609 0.000686123
          11     0.21719    0.213025 0.000747427
          12    0.214631    0.213159 0.000695309
          13     0.21281    0.213132 0.000640154
          14    0.214967    0.213263  0.00060699
          15     0.20816    0.212923 0.000659588
          16     0.21259    0.212902 0.000617339
          17     0.20866    0.212653 0.000631314
          18    0.211547    0.212591 0.000598369
          19    0.210583    0.212486 0.000575789
          20    0.214093    0.212566 0.000552121
          21    0.212638    0.212569 0.000525183
          22    0.209321    0.212422 0.000522064
          23    0.212419    0.212422  0.00049885
          24    0.208984    0.212278 0.000498631
          25    0.211436    0.212245 0.000479457
          26    0.213295    0.212285 0.000462414
          27    0.211316    0.212249 0.000446405
          28    0.214526     0.21233 0.000437786
          29    0.214801    0.212416 0.000430927
          30    0.214395    0.212482 0.000421512
          31      0.2115     0.21245 0.000408916
          32    0.211333    0.212415 0.000397467
          33    0.209384    0.212323 0.000396034
          34    0.212537     0.21233 0.000384261
          35    0.214856    0.212402 0.000380041
          36    0.210977    0.212362 0.000371448
          37    0.211356    0.212335 0.000362291
          38     0.20918    0.212252 0.000362271
          39    0.214188    0.212302 0.000356335
          40    0.212749    0.212313 0.000347492
          41    0.211485    0.212293 0.000339512
          42    0.213369    0.212318 0.000332319
          43    0.216261     0.21241 0.000337202
          44    0.213312     0.21243 0.000330087
          45    0.214334    0.212473  0.00032543
          46    0.214172     0.21251 0.000320414
          47    0.216897    0.212603 0.000327123
          48    0.211589    0.212582 0.000320931
          49    0.209951    0.212528 0.000318867
          50    0.212708    0.212532 0.000312445
          51    0.213113    0.212543 0.000306469
          52    0.210138    0.212497 0.000304057
          53    0.212168    0.212491 0.000298329
          54    0.212327    0.212488 0.000292768
          55    0.214535    0.212525 0.000289795
          56    0.213476    0.212542  0.00028508
          57    0.210814    0.212512 0.000281669
          58    0.212703    0.212515  0.00027679
          59    0.210755    0.212485 0.000273688
          60    0.214729    0.212522 0.000271675
          61    0.217461    0.212603 0.000279179
          62    0.211848    0.212591 0.000274909
          63    0.213633    0.212608 0.000271015
          64    0.214987    0.212645 0.000269324
          65    0.215823    0.212694 0.000269618
          66    0.210573    0.212662  0.00026744
          67    0.210576    0.212631 0.000265252
          68    0.211148    0.212609  0.00026223
          69    0.213662    0.212624 0.000258852
          70    0.211045    0.212601 0.000256123
          71    0.207668    0.212532 0.000261877
          72    0.216982    0.212594 0.000265509
          73    0.212716    0.212595 0.000261852
          74    0.210284    0.212564 0.000260171
          75    0.210512    0.212537 0.000258133
          76      0.2126    0.212538 0.000254716
          77    0.208972    0.212491 0.000255616
          78     0.20951    0.212453 0.000255196
          79    0.212606    0.212455 0.000251952
          80    0.213862    0.212473 0.000249403
          81    0.213173    0.212481 0.000246457
          82    0.212744    0.212484 0.000243454
          83    0.206586    0.212413 0.000250782
          84    0.211098    0.212398 0.000248273
          85    0.213247    0.212408 0.000245538
          86    0.210565    0.212386  0.00024361
          87    0.211412    0.212375 0.000241054
          88    0.210461    0.212353  0.00023929
          89    0.214143    0.212373 0.000237439
          90    0.211393    0.212363 0.000235038
          91    0.215844    0.212401 0.000235569
          92    0.211072    0.212386 0.000233441
          93    0.212112    0.212383 0.000230936
          94    0.214881     0.21241 0.000230006
          95    0.211299    0.212398 0.000227872
          96    0.215721    0.212433 0.000228126
          97    0.216837    0.212478 0.000230283
          98    0.214901    0.212503 0.000229258
          99    0.213217     0.21251 0.000227045
         100    0.209576    0.212481 0.000226671
