           1     2.12169     2.12169           0
           2     2.12495     2.12332  0.00163083
           3      2.1772     2.14128   0.0179872
           4     2.14517     2.14225    0.012756
           5      2.2192     2.15764   0.0182878
           6     2.18038     2.16143   0.0154052
           7     2.32139     2.18428   0.0263006
           8     2.25024     2.19253   0.0242233
           9     2.15812      2.1887   0.0217023
          10     2.17016     2.18685   0.0194995
          11     2.23661     2.19137   0.0182087
          12     2.17952     2.19039   0.0166516
          13     2.21685     2.19242   0.0154519
          14     2.22691     2.19488   0.0145163
          15     2.13756     2.19106   0.0140439
          16     2.25252      2.1949    0.013687
          17     2.23317     2.19715   0.0130523
          18     2.09477     2.19147   0.0135567
          19     2.10964     2.18716   0.0135272
          20     2.24261     2.18993   0.0131291
          21     2.15847     2.18843   0.0125778
          22      2.2087     2.18936   0.0120278
          23     2.16465     2.18828    0.011543
          24      2.1602     2.18711   0.0111134
          25     2.14482     2.18542    0.010793
          26     2.14374     2.18382   0.0104927
          27     2.24684     2.18615   0.0103629
          28     2.15534     2.18505   0.0100464
          29     2.17589     2.18473   0.0096989
          30     2.14067     2.18327  0.00948442
          31     2.17081     2.18286  0.00918217
          32     2.16442     2.18229  0.00890927
          33     2.18512     2.18237  0.00863549
          34     2.18268     2.18238  0.00837767
          35     2.15808     2.18169  0.00816437
          36     2.23494     2.18317  0.00807103
          37     2.26546     2.18539  0.00815887
          38     2.20941     2.18602  0.00796638
          39       2.134     2.18469  0.00787326
          40     2.18834     2.18478  0.00767445
          41     2.21068     2.18541  0.00751153
          42     2.18086      2.1853   0.0073313
          43     2.11862     2.18375  0.00732482
          44     2.20286     2.18419  0.00716958
          45     2.18691     2.18425  0.00700871
          46     2.13141      2.1831  0.00695024
          47     2.18876     2.18322  0.00680182
          48     2.19929     2.18355  0.00666702
          49     2.22349     2.18437   0.0065802
          50     2.16374     2.18396  0.00646045
          51     2.20009     2.18427   0.0063404
          52     2.20309     2.18464  0.00622779
          53     2.16014     2.18417  0.00612662
          54     2.27508     2.18586  0.00624335
          55     2.15932     2.18537  0.00614775
          56     2.18717     2.18541  0.00603705
          57     2.16678     2.18508  0.00593919
          58     2.18422     2.18506  0.00583591
          59     2.20884     2.18547  0.00575028
          60     2.23996     2.18638  0.00572612
          61     2.24141     2.18728  0.00570327
          62     2.23021     2.18797   0.0056531
          63     2.22965     2.18863  0.00560184
          64     2.14521     2.18795   0.0055552
          65     2.16885     2.18766  0.00547695
          66      2.1559     2.18718  0.00541476
          67     2.16017     2.18678  0.00534854
          68     2.21587      2.1872  0.00528664
          69     2.15816     2.18678  0.00522643
          70     2.14102     2.18613  0.00519255
          71     2.20272     2.18636  0.00512422
          72     2.20737     2.18665  0.00506097
          73     2.08874     2.18531  0.00516824
          74     2.18522     2.18531  0.00509792
          75     2.25513     2.18624  0.00511491
          76     2.17732     2.18612  0.00504852
          77     2.18994     2.18617  0.00498277
          78     2.23618     2.18682  0.00496008
          79     2.23597     2.18744  0.00493627
          80     2.17314     2.18726  0.00487745
          81     2.18463     2.18723  0.00481697
          82     2.14318     2.18669  0.00478808
          83     2.06043     2.18517  0.00496863
          84     2.13611     2.18458  0.00494374
          85     2.27733     2.18568  0.00500559
          86     2.20113     2.18585  0.00495031
          87     2.23653     2.18644  0.00492763
          88     2.12276     2.18571  0.00492476
          89     2.19866     2.18586  0.00487128
          90     2.13325     2.18527  0.00485219
          91     2.13989     2.18478  0.00482443
          92     2.22375      2.1852  0.00479047
          93     2.16712     2.18501  0.00474266
          94     2.24204     2.18561    0.004731
          95     2.18816     2.18564  0.00468102
          96     2.17264      2.1855  0.00463398
          97     2.24567     2.18612  0.00462771
          98     2.13847     2.18564  0.00460599
          99     2.12384     2.18501  0.00460176
         100      2.2364     2.18553   0.0045844
