           1    0.395638    0.395638           0
           2    0.355989    0.375814   0.0198241
           3    0.381759    0.377795   0.0116158
           4    0.363218    0.374151  0.00898575
           5    0.333676    0.366056   0.0106759
           6    0.320532    0.358469   0.0115565
           7    0.326232    0.353863   0.0107983
           8     0.34218    0.352403  0.00946492
           9    0.330662    0.349987  0.00868979
          10    0.331199    0.348109  0.00799625
          11    0.329686    0.346434  0.00742425
          12     0.35061    0.346782  0.00678631
          13    0.324997    0.345106  0.00646349
          14    0.330079    0.344033  0.00607953
          15    0.290564    0.340468  0.00668872
          16    0.354026    0.341315  0.00631385
          17    0.295573    0.338625  0.00651267
          18    0.361743    0.339909  0.00627308
          19     0.32925    0.339348   0.0059602
          20    0.393414    0.342051  0.00626733
          21     0.33267    0.341605  0.00597813
          22    0.337158    0.341402  0.00570351
          23    0.319218    0.340438  0.00553459
          24    0.306767    0.339035  0.00548155
          25    0.248727    0.335423  0.00637907
          26    0.340656    0.335624  0.00613211
          27    0.342614    0.335883  0.00590631
          28    0.318516    0.335263  0.00572516
          29    0.328575    0.335032  0.00552902
          30    0.394865    0.337026  0.00570174
          31    0.348576    0.337399  0.00552732
          32    0.318633    0.336813  0.00538384
          33    0.305493    0.335863  0.00530375
          34    0.332989    0.335779  0.00514609
          35    0.289364    0.334453  0.00516988
          36    0.301511    0.333538  0.00510687
          37    0.318061    0.333119  0.00498451
          38    0.271866    0.331507  0.00511234
          39    0.316307    0.331118  0.00499476
          40    0.298787    0.330309  0.00493493
          41    0.369542    0.331266  0.00490726
          42    0.360036    0.331951  0.00483774
          43    0.290556    0.330989  0.00482099
          44    0.381965    0.332147  0.00485054
          45     0.36712    0.332924  0.00480479
          46    0.304974    0.332317   0.0047383
          47    0.316785    0.331986  0.00464815
          48    0.337009    0.332091  0.00455149
          49    0.303838    0.331514  0.00449477
          50    0.323974    0.331364  0.00440654
          51    0.365829    0.332039  0.00437182
          52    0.289302    0.331217  0.00436499
          53    0.366634    0.331886  0.00433367
          54    0.337804    0.331995  0.00425407
          55     0.31958     0.33177  0.00418211
          56    0.315679    0.331482  0.00411679
          57    0.264225    0.330302  0.00421254
          58    0.343767    0.330534  0.00414578
          59    0.350512    0.330873  0.00408895
          60    0.331962    0.330891  0.00402027
          61    0.280429    0.330064  0.00403943
          62    0.370679    0.330719  0.00402738
          63    0.288027    0.330041  0.00402045
          64    0.244019    0.328697  0.00417918
          65    0.314041    0.328472  0.00412056
          66     0.34576    0.328734  0.00406609
          67    0.310903    0.328468  0.00401377
          68    0.361608    0.328955  0.00398423
          69    0.332512    0.329006   0.0039264
          70    0.339856    0.329161    0.003873
          71    0.339701     0.32931  0.00382095
          72    0.320402    0.329186  0.00376954
          73     0.37926    0.329872  0.00378029
          74    0.336311    0.329959  0.00372987
          75     0.30176    0.329583  0.00369896
          76     0.32171     0.32948  0.00365144
          77    0.355797    0.329821  0.00361988
          78    0.267512    0.329023  0.00366137
          79    0.340845    0.329172  0.00361783
          80    0.322642    0.329091  0.00357325
          81    0.320941     0.32899  0.00353029
          82    0.328214     0.32898  0.00348699
          83    0.330123    0.328994  0.00344475
          84    0.312198    0.328794  0.00340936
          85    0.290094    0.328339  0.00339964
          86    0.310737    0.328134   0.0033661
          87      0.2844    0.327632  0.00336495
          88    0.330112     0.32766  0.00332661
          89    0.328683    0.327671  0.00328904
          90    0.396613    0.328437  0.00334128
          91    0.338687     0.32855  0.00330628
          92    0.263038    0.327838  0.00334678
          93    0.296923    0.327505  0.00332724
          94    0.340862    0.327648  0.00329472
          95    0.295937    0.327314   0.0032769
          96    0.288894    0.326914  0.00326719
          97    0.318783     0.32683  0.00323442
          98    0.283579    0.326388  0.00323152
          99    0.325803    0.326382  0.00319872
         100    0.278383    0.325902  0.00320275
