           1     41.8686     41.8686           0
           2     44.5539     43.2112     1.34267
           3     42.6369     43.0198    0.798482
           4     48.0482     44.2769     1.37808
           5     48.5855     45.1386     1.37188
           6     49.7199     45.9022     1.35561
           7     42.9068     45.4742     1.22301
           8     42.6689     45.1236      1.1157
           9     45.6614     45.1833    0.985764
          10     46.4924     45.3142    0.891359
          11     49.2252     45.6698    0.881177
          12     40.3191     45.2239    0.919716
          13     44.9998     45.2067    0.846191
          14     45.1988     45.2061    0.783421
          15      43.211     45.0731    0.741354
          16     46.9473     45.1902    0.703297
          17     48.5688      45.389    0.689879
          18     41.7046     45.1843    0.681871
          19       41.23     44.9762    0.677732
          20     42.2268     44.8387    0.657485
          21     45.8885     44.8887    0.627387
          22     44.3303     44.8633    0.598729
          23     48.9311     45.0402    0.598819
          24     39.3563     44.8033    0.620314
          25     44.4172     44.7879    0.595184
          26      42.838     44.7129    0.576732
          27     47.7687     44.8261    0.566384
          28     47.0283     44.9047    0.551419
          29     40.7844     44.7626    0.550708
          30     48.0267     44.8714    0.543046
          31     48.5389     44.9898    0.538395
          32     44.7151     44.9812    0.521369
          33     43.1432     44.9255    0.508383
          34     46.7545     44.9793    0.496129
          35     46.0662     45.0103    0.482746
          36     41.5482     44.9142      0.4789
          37      49.106     45.0274    0.479357
          38     51.4421     45.1963    0.496171
          39     45.0353     45.1921    0.483299
          40     48.8762     45.2842     0.47998
          41     41.8113     45.1995    0.475729
          42     43.8169     45.1666     0.46543
          43     43.7433     45.1335    0.455681
          44     43.6988     45.1009    0.446396
          45     41.4299     45.0193    0.443923
          46     43.0285      44.976    0.436317
          47     48.1247      45.043    0.432157
          48     46.0773     45.0646    0.423607
          49     43.7697     45.0382    0.415712
          50     41.1415     44.9602    0.414702
          51     45.6415     44.9736    0.406709
          52     40.2375     44.8825    0.409079
          53     48.0829     44.9429    0.405804
          54      44.482     44.9344    0.398309
          55     49.0496     45.0092    0.398095
          56      45.873     45.0246    0.391226
          57     42.7228     44.9842    0.386417
          58     39.6033     44.8914    0.390866
          59     47.1431     44.9296    0.386075
          60     43.9535     44.9133    0.379934
          61       41.15     44.8517    0.378713
          62     41.6862     44.8006    0.376036
          63     47.0125     44.8357    0.371681
          64     39.3812     44.7505    0.375624
          65     39.9265     44.6763    0.377174
          66     44.5092     44.6737    0.371423
          67     52.3377     44.7881    0.383304
          68     46.4268     44.8122    0.378393
          69     44.7913     44.8119    0.372869
          70     42.5943     44.7802    0.368866
          71     41.2854      44.731     0.36695
          72     46.2025     44.7514    0.362395
          73      43.398     44.7329    0.357877
          74     45.1198     44.7381    0.353046
          75     39.7843     44.6721    0.354514
          76     46.7652     44.6996    0.350901
          77     41.8131     44.6621    0.348337
          78     41.9605     44.6275    0.345582
          79      49.169      44.685    0.345989
          80     45.0163     44.6891    0.341662
          81     41.1213     44.6451     0.34028
          82     45.1649     44.6514    0.336165
          83     40.4122     44.6003    0.335995
          84     43.9242     44.5923    0.332068
          85     40.4891      44.544     0.33167
          86      43.131     44.5276    0.328202
          87     41.9901     44.4984    0.325716
          88     45.3008     44.5075    0.322123
          89     41.9652      44.479    0.319761
          90     48.3706     44.5222    0.319131
          91     45.5721     44.5338    0.315816
          92     47.2564     44.5634    0.313763
          93     45.5586     44.5741    0.310555
          94     43.5327      44.563    0.307433
          95     47.1066     44.5898    0.305356
          96       47.21      44.617    0.303389
          97     43.7624     44.6082    0.300374
          98     41.9628     44.5812    0.298516
          99     44.7696     44.5831    0.295492
         100     40.2052     44.5394     0.29578
