           1     1.47926     1.47926           0
           2     1.53635      1.5078   0.0285439
           3     1.49856     1.50472   0.0167653
           4     1.53783       1.513   0.0144585
           5     1.48595     1.50759   0.0124379
           6     1.47592     1.50231   0.0114452
           7     1.51454     1.50406  0.00982948
           8     1.48634     1.50184   0.0087961
           9     1.50542     1.50224  0.00776759
          10     1.50615     1.50263  0.00695853
          11     1.53599     1.50566  0.00698664
          12     1.52994     1.50769  0.00669093
          13     1.49921     1.50703  0.00618923
          14     1.50334     1.50677  0.00573618
          15     1.50713     1.50679  0.00534015
          16     1.52511     1.50794  0.00512468
          17     1.49484     1.50717  0.00487511
          18      1.5174     1.50774  0.00463133
          19     1.51614     1.50818  0.00440305
          20      1.5118     1.50836  0.00418102
          21     1.54022     1.50988  0.00425651
          22     1.50599      1.5097  0.00406226
          23     1.53413     1.51076  0.00402428
          24     1.50985     1.51072  0.00385314
          25     1.52587     1.51133  0.00374513
          26     1.49055     1.51053   0.0036859
          27     1.52123     1.51093  0.00356881
          28     1.53599     1.51182  0.00355358
          29     1.54858     1.51309  0.00365565
          30     1.49764     1.51257  0.00356905
          31     1.51649      1.5127  0.00345431
          32     1.47727     1.51159  0.00352316
          33     1.53927     1.51243  0.00351623
          34     1.49144     1.51182  0.00346668
          35     1.51486      1.5119   0.0033673
          36     1.52428     1.51225  0.00329045
          37     1.53258      1.5128  0.00324711
          38     1.51463     1.51284  0.00316087
          39     1.51679     1.51294  0.00308042
          40     1.49109      1.5124  0.00305173
          41     1.49321     1.51193  0.00301295
          42     1.50854     1.51185  0.00294144
          43     1.51157     1.51184  0.00287223
          44     1.53098     1.51228   0.0028397
          45     1.47901     1.51154  0.00287262
          46     1.51643     1.51165  0.00281149
          47     1.49926     1.51138   0.0027636
          48     1.50146     1.51118   0.0027133
          49     1.51933     1.51134  0.00266256
          50     1.49261     1.51097  0.00263552
          51     1.51595     1.51106  0.00258517
          52     1.50228      1.5109  0.00254059
          53     1.50363     1.51076  0.00249597
          54     1.50198      1.5106   0.0024547
          55     1.52645     1.51088  0.00242682
          56      1.5284      1.5112  0.00240353
          57     1.52051     1.51136  0.00236663
          58     1.51061     1.51135  0.00232551
          59     1.49521     1.51107  0.00230205
          60     1.53449     1.51146  0.00229676
          61     1.59727     1.51287  0.00266101
          62     1.50914     1.51281  0.00261843
          63     1.53244     1.51312   0.0025953
          64     1.50984     1.51307  0.00255494
          65     1.48338     1.51261  0.00255648
          66     1.47343     1.51202   0.0025865
          67     1.49412     1.51175  0.00256157
          68     1.54786     1.51228  0.00257888
          69     1.54045     1.51269  0.00257381
          70      1.5154     1.51273  0.00253707
          71     1.52073     1.51284  0.00250362
          72     1.52676     1.51304  0.00247616
          73     1.48801     1.51269  0.00246595
          74     1.49089      1.5124  0.00245018
          75      1.5067     1.51232  0.00241848
          76      1.5251     1.51249  0.00239236
          77     1.51508     1.51253  0.00236133
          78      1.4822     1.51214  0.00236306
          79     1.48242     1.51176  0.00236309
          80     1.49296     1.51153  0.00234517
          81     1.53321     1.51179  0.00233145
          82     1.51563     1.51184  0.00230332
          83     1.50236     1.51173  0.00227827
          84     1.52685     1.51191  0.00225817
          85     1.48596      1.5116  0.00225223
          86     1.50144     1.51148  0.00222902
          87     1.52976     1.51169  0.00221324
          88     1.49114     1.51146  0.00220038
          89     1.49554     1.51128  0.00218285
          90     1.51842     1.51136  0.00215992
          91     1.54942     1.51178  0.00217661
          92     1.48811     1.51152  0.00216814
          93     1.49067      1.5113  0.00215639
          94     1.50556     1.51124   0.0021342
          95     1.55115     1.51166    0.002153
          96     1.49833     1.51152  0.00213497
          97      1.4858     1.51125  0.00212942
          98      1.4936     1.51107  0.00211526
          99     1.51418      1.5111  0.00209402
         100     1.48342     1.51083  0.00209138
