           1   -0.582784   -0.582784           0
           2   -0.581339   -0.582061 0.000722667
           3   -0.582024   -0.582049 0.000417417
           4   -0.581723   -0.581967 0.000306219
           5   -0.581981    -0.58197 0.000237213
           6   -0.583573   -0.582237 0.000330014
           7   -0.582867   -0.582327 0.000293044
           8   -0.583168   -0.582432 0.000274684
           9   -0.584325   -0.582643 0.000320818
          10   -0.582296   -0.582608 0.000289035
          11   -0.582864   -0.582631 0.000262476
          12   -0.581805   -0.582562 0.000249296
          13   -0.583107   -0.582604 0.000233109
          14   -0.582325   -0.582584 0.000216735
          15   -0.582536   -0.582581 0.000201795
          16   -0.583355   -0.582629 0.000194855
          17   -0.581597   -0.582569 0.000192842
          18   -0.581653   -0.582518 0.000188792
          19   -0.581573   -0.582468 0.000185371
          20   -0.585221   -0.582606 0.000223328
          21   -0.582368   -0.582595 0.000212729
          22   -0.582211   -0.582577 0.000203578
          23   -0.583675   -0.582625 0.000200293
          24   -0.582843   -0.582634 0.000191981
          25    -0.58256   -0.582631 0.000184165
          26   -0.581723   -0.582596 0.000180356
          27   -0.583672   -0.582636 0.000178064
          28   -0.583381   -0.582662  0.00017364
          29   -0.581741   -0.582631  0.00017053
          30   -0.583837   -0.582671 0.000169586
          31   -0.580704   -0.582607 0.000175869
          32   -0.583459   -0.582634 0.000172349
          33   -0.583621   -0.582664 0.000169703
          34   -0.584344   -0.582713 0.000171891
          35   -0.581768   -0.582686 0.000169079
          36   -0.583085   -0.582697 0.000164689
          37   -0.582336   -0.582688 0.000160474
          38   -0.582131   -0.582673  0.00015688
          39   -0.582371   -0.582665 0.000153001
          40   -0.583419   -0.582684 0.000150312
          41   -0.582709   -0.582685 0.000146601
          42   -0.582992   -0.582692 0.000143255
          43   -0.581397   -0.582662 0.000143087
          44   -0.583203   -0.582674 0.000140337
          45   -0.582451   -0.582669 0.000137273
          46   -0.584416   -0.582707 0.000139522
          47   -0.583915   -0.582733 0.000138917
          48   -0.584099   -0.582761 0.000138937
          49   -0.584592   -0.582799 0.000141107
          50    -0.58092   -0.582761 0.000143271
          51   -0.580741   -0.582722 0.000145912
          52    -0.58216   -0.582711 0.000143485
          53   -0.583645   -0.582728 0.000141852
          54   -0.583416   -0.582741 0.000139782
          55   -0.582968   -0.582745 0.000137279
          56   -0.582101   -0.582734 0.000135295
          57   -0.583179   -0.582742 0.000133129
          58   -0.582816   -0.582743  0.00013082
          59   -0.584547   -0.582773 0.000132168
          60   -0.583768    -0.58279 0.000130999
          61   -0.582672   -0.582788 0.000128849
          62     -0.5846   -0.582817 0.000130079
          63   -0.582635   -0.582814  0.00012803
          64   -0.581267    -0.58279 0.000128313
          65   -0.582547   -0.582786 0.000126379
          66   -0.583005    -0.58279 0.000124494
          67   -0.582861   -0.582791 0.000122627
          68   -0.582267   -0.582783 0.000121055
          69   -0.582019   -0.582772 0.000119801
          70   -0.585075   -0.582805 0.000122574
          71   -0.583504   -0.582815 0.000121236
          72   -0.582979   -0.582817 0.000119562
          73   -0.583845   -0.582831 0.000118751
          74    -0.58468   -0.582856  0.00011977
          75   -0.583824   -0.582869 0.000118865
          76   -0.581909   -0.582856 0.000117968
          77   -0.583056   -0.582859 0.000116455
          78   -0.582859   -0.582859 0.000114952
          79   -0.583667   -0.582869 0.000113947
          80   -0.581864   -0.582857 0.000113213
          81   -0.584424   -0.582876 0.000113469
          82   -0.582952   -0.582877 0.000112081
          83   -0.582117   -0.582868   0.0001111
          84   -0.582267   -0.582861 0.000110002
          85   -0.582232   -0.582853 0.000108951
          86     -0.5826    -0.58285 0.000107717
          87   -0.584501   -0.582869  0.00010815
          88   -0.583573   -0.582877 0.000107213
          89   -0.583613   -0.582886 0.000106324
          90   -0.581715   -0.582873 0.000105937
          91   -0.584245   -0.582888 0.000105847
          92    -0.58284   -0.582887 0.000104692
          93   -0.583413   -0.582893 0.000103714
          94   -0.583144   -0.582895  0.00010264
          95   -0.582973   -0.582896 0.000101557
          96   -0.583072   -0.582898  0.00010051
          97   -0.583523   -0.582905  9.9677e-05
          98   -0.583632   -0.582912 9.89335e-05
          99   -0.585336   -0.582936 0.000100944
         100   -0.583269    -0.58294 9.99847e-05
