           1   0.0414147   0.0414147           0
           2    0.040056   0.0407353 0.000679333
           3   0.0373267   0.0395991  0.00120201
           4   0.0517507    0.042637  0.00315455
           5    0.046212    0.043352  0.00254596
           6     0.04606   0.0438033   0.0021272
           7   0.0412707   0.0434415  0.00183386
           8   0.0364227   0.0425642   0.0018144
           9     0.04524   0.0428615  0.00162754
          10    0.052956   0.0438709  0.00177147
          11   0.0501147   0.0444385  0.00169992
          12   0.0427133   0.0442948  0.00155845
          13   0.0400427   0.0439677  0.00147041
          14   0.0532867   0.0446333  0.00151535
          15   0.0316013   0.0437645  0.00165679
          16    0.044452   0.0438075  0.00155038
          17   0.0409893   0.0436417  0.00146573
          18   0.0419773   0.0435493  0.00138499
          19   0.0372747    0.043219  0.00135106
          20    0.043028   0.0432095  0.00128176
          21   0.0458493   0.0433352  0.00122566
          22    0.053512   0.0437978  0.00125684
          23   0.0488427   0.0440171  0.00122082
          24    0.042912   0.0439711  0.00116976
          25   0.0373107   0.0437046  0.00115319
          26   0.0400827   0.0435653  0.00111667
          27   0.0364507   0.0433018  0.00110635
          28      0.0451    0.043366  0.00106804
          29   0.0467973   0.0434844  0.00103732
          30   0.0472987   0.0436115  0.00101018
          31   0.0463133   0.0436987 0.000980934
          32    0.052436   0.0439717 0.000988253
          33    0.046004   0.0440333 0.000959815
          34   0.0483347   0.0441598 0.000939712
          35    0.052068   0.0443858 0.000940027
          36   0.0483973   0.0444972 0.000920314
          37   0.0468493   0.0445608 0.000897349
          38   0.0346907    0.044301 0.000911219
          39   0.0444693   0.0443053 0.000887557
          40   0.0577533   0.0446415 0.000928117
          41    0.055116    0.044897 0.000940557
          42    0.042108   0.0448306 0.000920289
          43     0.04766   0.0448964 0.000901038
          44   0.0500987   0.0450146 0.000888226
          45   0.0451973   0.0450187 0.000868273
          46   0.0435733   0.0449873 0.000849768
          47   0.0414573   0.0449122 0.000834877
          48   0.0428027   0.0448682 0.000818479
          49   0.0422027   0.0448138 0.000803445
          50   0.0428387   0.0447743 0.000788203
          51     0.03616   0.0446054 0.000790842
          52    0.042004   0.0445554 0.000777096
          53   0.0472853   0.0446069 0.000764031
          54   0.0550933   0.0448011  0.00077449
          55   0.0475693   0.0448514 0.000761942
          56   0.0374453   0.0447192  0.00075981
          57    0.044852   0.0447215 0.000746365
          58   0.0539493   0.0448806 0.000750443
          59    0.045852   0.0448971 0.000737798
          60   0.0498053   0.0449789 0.000729995
          61    0.035608   0.0448252  0.00073418
          62   0.0407413   0.0447594 0.000725239
          63   0.0430893   0.0447329 0.000714126
          64   0.0467253    0.044764 0.000703569
          65      0.0363   0.0446338 0.000704793
          66    0.038856   0.0445462 0.000699532
          67    0.052096   0.0446589 0.000698166
          68   0.0355107   0.0445244 0.000700855
          69   0.0418427   0.0444855 0.000691716
          70   0.0541093    0.044623 0.000695487
          71   0.0449093    0.044627 0.000685633
          72    0.047444   0.0446662 0.000677174
          73   0.0510347   0.0447534 0.000673508
          74   0.0411813   0.0447051 0.000666095
          75    0.035728   0.0445854 0.000667966
          76    0.047532   0.0446242 0.000660257
          77   0.0412853   0.0445808 0.000653067
          78     0.04566   0.0445947 0.000644789
          79   0.0483947   0.0446428 0.000638389
          80   0.0431667   0.0446243 0.000630629
          81   0.0431187   0.0446057 0.000623072
          82    0.041852   0.0445722 0.000616342
          83   0.0490747   0.0446264 0.000611283
          84   0.0419947   0.0445951 0.000604774
          85   0.0422653   0.0445677 0.000598245
          86   0.0462507   0.0445872 0.000591571
          87   0.0354653   0.0444824 0.000594058
          88   0.0402947   0.0444348 0.000589194
          89   0.0428187   0.0444166 0.000582819
          90   0.0335907   0.0442964 0.000588726
          91    0.047016   0.0443262 0.000582988
          92    0.052676    0.044417 0.000583715
          93   0.0383387   0.0443516 0.000581091
          94   0.0446293   0.0443546 0.000574884
          95    0.039728   0.0443059 0.000570882
          96    0.038964   0.0442502 0.000567638
          97   0.0461453   0.0442698 0.000562095
          98   0.0360907   0.0441863 0.000562555
          99   0.0470413   0.0442152  0.00055759
         100    0.043328   0.0442063 0.000552057
