           1   -0.931757   -0.931757           0
           2   -0.935997   -0.933877     0.00212
           3   -0.933272   -0.933676   0.0012405
           4   -0.939285   -0.935078  0.00165417
           5   -0.940456   -0.936154  0.00167293
           6   -0.943021   -0.937298  0.00178212
           7   -0.935547   -0.937048  0.00152681
           8   -0.931248   -0.936323  0.00150797
           9   -0.936888   -0.936386  0.00133139
          10   -0.937563   -0.936503  0.00119663
          11   -0.939021   -0.936732  0.00110633
          12   -0.929984    -0.93617  0.00115595
          13   -0.935891   -0.936149  0.00106354
          14   -0.937957   -0.936278 0.000993087
          15   -0.932973   -0.936057 0.000950397
          16   -0.938128   -0.936187 0.000898384
          17   -0.942453   -0.936555  0.00092088
          18   -0.933717   -0.936398 0.000882415
          19   -0.932968   -0.936217 0.000853978
          20   -0.931909   -0.936002   0.0008383
          21   -0.936557   -0.936028 0.000797821
          22   -0.934723   -0.935969 0.000763004
          23   -0.941176   -0.936195 0.000763416
          24   -0.929712   -0.935925 0.000779239
          25   -0.933379   -0.935823 0.000754329
          26   -0.933312   -0.935727 0.000731144
          27   -0.939248   -0.935857 0.000715529
          28   -0.938099   -0.935937 0.000694133
          29   -0.931611   -0.935788 0.000686185
          30   -0.939347   -0.935907 0.000673447
          31   -0.941301   -0.936081 0.000674206
          32   -0.935085    -0.93605 0.000653538
          33   -0.935488   -0.936033 0.000633653
          34   -0.937451   -0.936074 0.000616147
          35   -0.937437   -0.936113  0.00059955
          36    -0.93212   -0.936002 0.000593122
          37   -0.941389   -0.936148 0.000594959
          38   -0.944787   -0.936375 0.000622115
          39   -0.935973   -0.936365 0.000606041
          40   -0.938669   -0.936423 0.000593499
          41   -0.931797    -0.93631 0.000589732
          42   -0.934371   -0.936264 0.000577369
          43   -0.934744   -0.936228 0.000564888
          44   -0.935072   -0.936202 0.000552526
          45   -0.932496    -0.93612  0.00054635
          46   -0.932963   -0.936051  0.00053873
          47   -0.937725   -0.936087 0.000528346
          48   -0.937773   -0.936122 0.000518414
          49   -0.933931   -0.936077 0.000509689
          50   -0.931808   -0.935992 0.000506637
          51   -0.936187   -0.935995 0.000496619
          52   -0.929101   -0.935863 0.000504699
          53   -0.938651   -0.935915 0.000497872
          54   -0.934749   -0.935894 0.000489042
          55   -0.943013   -0.936023 0.000497213
          56   -0.936781   -0.936037 0.000488441
          57   -0.931968   -0.935965 0.000485077
          58   -0.930923   -0.935879 0.000484505
          59   -0.937072   -0.935899 0.000476652
          60   -0.933477   -0.935858 0.000470375
          61   -0.931637   -0.935789 0.000467746
          62   -0.932368   -0.935734 0.000463437
          63   -0.938456   -0.935777 0.000458064
          64   -0.929285   -0.935676  0.00046212
          65   -0.929248   -0.935577 0.000465578
          66   -0.934597   -0.935562  0.00045871
          67   -0.947035   -0.935733 0.000483171
          68   -0.937416   -0.935758 0.000476655
          69     -0.9362   -0.935764  0.00046974
          70   -0.932992   -0.935725 0.000464672
          71   -0.929909   -0.935643 0.000465346
          72   -0.936971   -0.935661 0.000459208
          73   -0.933949   -0.935638  0.00045348
          74   -0.936147   -0.935645 0.000447363
          75      -0.931   -0.935583 0.000445682
          76   -0.938077   -0.935616 0.000441001
          77   -0.933176   -0.935584 0.000436388
          78    -0.93164   -0.935533 0.000433715
          79   -0.941603    -0.93561 0.000435027
          80   -0.937533   -0.935634 0.000430227
          81   -0.931645   -0.935585 0.000427726
          82   -0.932744    -0.93555 0.000423896
          83   -0.930387   -0.935488 0.000423354
          84   -0.936125   -0.935496 0.000418353
          85   -0.931728   -0.935451 0.000415771
          86   -0.933512   -0.935429 0.000411527
          87   -0.933707   -0.935409  0.00040725
          88   -0.936139   -0.935417 0.000402681
          89   -0.931917   -0.935378 0.000400069
          90    -0.94132   -0.935444  0.00040107
          91   -0.937491   -0.935467 0.000397275
          92   -0.938328   -0.935498 0.000394162
          93   -0.935053   -0.935493  0.00038993
          94   -0.934699   -0.935484 0.000385852
          95   -0.938024   -0.935511 0.000382704
          96   -0.939243    -0.93555 0.000380686
          97   -0.933731   -0.935531 0.000377207
          98   -0.930869   -0.935484 0.000376357
          99   -0.937221   -0.935501 0.000372949
         100   -0.931549   -0.935462  0.00037131
