           1      2.8297      2.8297           0
           2     2.97537     2.90253   0.0728352
           3     3.06357     2.95621   0.0681897
           4      2.9488     2.95436    0.048253
           5     2.93494     2.95047   0.0375778
           6     3.09483     2.97453   0.0389899
           7     2.92768     2.96784   0.0336255
           8     2.93675     2.96395   0.0293787
           9     3.17476     2.98738   0.0349276
          10     3.15788     3.00443   0.0355903
          11     2.98746     3.00288   0.0322295
          12       2.983     3.00123    0.029468
          13     2.93324       2.996   0.0276065
          14     3.00881     2.99691    0.025575
          15     2.89721     2.99027   0.0247195
          16     2.93754     2.98697   0.0233566
          17     2.95232     2.98493   0.0220342
          18     3.01887     2.98682   0.0208594
          19     2.95101     2.98493   0.0198208
          20     2.94613     2.98299   0.0189035
          21     3.06277     2.98679   0.0183777
          22     2.94825     2.98504   0.0176098
          23     3.03105     2.98704   0.0169452
          24     2.96726     2.98622   0.0162447
          25     2.99171     2.98644    0.015583
          26     3.11907     2.99154   0.0158169
          27     2.92798     2.98918   0.0154008
          28     3.14321     2.99468   0.0158273
          29      2.9626     2.99358   0.0153118
          30     2.91906     2.99109   0.0149997
          31     2.90466     2.98831   0.0147733
          32     3.06649     2.99075   0.0145113
          33     3.05275     2.99263   0.0141896
          34     3.06643      2.9948   0.0139361
          35     2.99161     2.99471   0.0135324
          36     2.95217     2.99353   0.0132041
          37     2.96076     2.99264   0.0128727
          38     2.92292     2.99081    0.012663
          39     2.86476     2.98757   0.0127504
          40       2.963     2.98696   0.0124428
          41     2.86526     2.98399   0.0124933
          42     2.85472     2.98091   0.0125747
          43     3.15386     2.98493   0.0129207
          44     2.97575     2.98473   0.0126253
          45     2.98085     2.98464   0.0123419
          46     2.98226     2.98459   0.0120707
          47     2.95133     2.98388   0.0118323
          48     3.07467     2.98577   0.0117365
          49     3.01408     2.98635    0.011509
          50     2.99742     2.98657   0.0112787
          51     2.95385     2.98593   0.0110739
          52     2.97047     2.98563   0.0108629
          53     3.01079     2.98611   0.0106666
          54     2.94463     2.98534   0.0104953
          55     2.90172     2.98382   0.0104143
          56     3.02114     2.98448   0.0102483
          57     2.91123      2.9832   0.0101486
          58     2.96669     2.98292  0.00997618
          59     3.02976     2.98371  0.00983774
          60     2.86991     2.98181  0.00985658
          61     2.86586     2.97991  0.00987826
          62     3.01846     2.98053  0.00973749
          63     2.90266      2.9793  0.00966108
          64     3.07167     2.98074  0.00961785
          65     3.05507     2.98188  0.00953752
          66     3.11983     2.98397  0.00962166
          67     2.83136      2.9817  0.00974685
          68     3.06319     2.98289  0.00967695
          69     2.97914     2.98284  0.00953583
          70     3.08236     2.98426  0.00950553
          71     2.92623     2.98344  0.00940628
          72     2.97137     2.98328  0.00927623
          73     2.95707     2.98292  0.00915532
          74     2.92128     2.98209  0.00906909
          75     2.98744     2.98216  0.00894764
          76      3.0527     2.98308  0.00887778
          77     2.93955     2.98252  0.00877995
          78     3.01374     2.98292  0.00867589
          79      2.9868     2.98297  0.00856551
          80     2.87845     2.98166  0.00855807
          81     2.96156     2.98141  0.00845539
          82     3.05678     2.98233  0.00840207
          83     2.85731     2.98083  0.00843579
          84     3.06814     2.98187  0.00839933
          85     3.04539     2.98261   0.0083335
          86     2.96077     2.98236  0.00823994
          87     2.92225     2.98167  0.00817393
          88     2.95848     2.98141  0.00808481
          89     3.07353     2.98244  0.00806019
          90     2.84058     2.98086   0.0081245
          91     2.98484     2.98091  0.00803484
          92      3.0325     2.98147  0.00796679
          93     2.96283     2.98127   0.0078832
          94     3.07744     2.98229   0.0078657
          95     2.97424     2.98221  0.00778293
          96     2.95609     2.98193  0.00770623
          97     2.97492     2.98186  0.00762672
          98     2.88816     2.98091  0.00760881
          99     3.05401     2.98164  0.00756767
         100      2.8437     2.98027  0.00761756
