           1    0.270625    0.270625           0
           2    0.266728    0.268676   0.0019485
           3    0.274644    0.270665  0.00228527
           4    0.272476    0.271118   0.0016781
           5    0.271966    0.271288  0.00131086
           6    0.267873    0.270718  0.00121223
           7    0.275531    0.271406  0.00123386
           8    0.274157     0.27175  0.00112254
           9    0.272619    0.271847 0.000994686
          10    0.269642    0.271626 0.000916576
          11    0.270957    0.271565 0.000831299
          12    0.267466    0.271224 0.000832196
          13    0.273285    0.271382  0.00078175
          14    0.272207    0.271441 0.000726156
          15    0.269406    0.271305   0.0006895
          16    0.269819    0.271213 0.000651626
          17    0.273074    0.271322 0.000621808
          18    0.268535    0.271167 0.000606343
          19    0.272679    0.271247 0.000579035
          20     0.27146    0.271257 0.000549424
          21     0.26786    0.271096  0.00054708
          22     0.27276    0.271171  0.00052708
          23    0.273806    0.271286 0.000516504
          24    0.270127    0.271238 0.000496868
          25    0.268312    0.271121 0.000490739
          26    0.271915    0.271151 0.000472477
          27    0.270677    0.271134 0.000454981
          28    0.267275    0.270996 0.000459575
          29    0.269492    0.270944 0.000446468
          30    0.268581    0.270865  0.00043846
          31    0.271025     0.27087 0.000424112
          32    0.273052    0.270938 0.000416267
          33    0.272292    0.270979 0.000405535
          34    0.268477    0.270906  0.00040025
          35    0.271476    0.270922 0.000388988
          36    0.267815    0.270836 0.000387756
          37    0.273356    0.270904 0.000383229
          38    0.269044    0.270855 0.000376206
          39    0.268682    0.270799 0.000370645
          40    0.268895    0.270752 0.000364384
          41    0.274612    0.270846 0.000367649
          42    0.272122    0.270876 0.000360073
          43    0.270443    0.270866 0.000351744
          44    0.272963    0.270914 0.000346946
          45    0.268903    0.270869  0.00034208
          46    0.268811    0.270824 0.000337538
          47    0.272802    0.270866 0.000332947
          48    0.273483    0.270921 0.000330464
          49    0.267502    0.270851 0.000331087
          50    0.270384    0.270842 0.000324532
          51    0.270928    0.270844 0.000318109
          52    0.271896    0.270864 0.000312587
          53    0.271018    0.270867 0.000306646
          54    0.269272    0.270837  0.00030236
          55     0.26632    0.270755 0.000307963
          56    0.268105    0.270708 0.000306095
          57    0.267704    0.270655 0.000305258
          58    0.273515    0.270704 0.000303975
          59    0.269339    0.270681 0.000299673
          60    0.276027     0.27077 0.000307813
          61    0.270339    0.270763 0.000302807
          62    0.271499    0.270775 0.000298119
          63    0.267725    0.270727 0.000297318
          64    0.274926    0.270792   0.0002999
          65    0.265893    0.270717 0.000304718
          66    0.270494    0.270714 0.000300085
          67    0.269041    0.270689 0.000296624
          68    0.268337    0.270654 0.000294268
          69    0.275178     0.27072 0.000297293
          70    0.270267    0.270713 0.000293087
          71      0.2719     0.27073 0.000289413
          72    0.272067    0.270748 0.000285968
          73    0.269964    0.270738 0.000282228
          74    0.269829    0.270725 0.000278659
          75    0.271825     0.27074 0.000275309
          76    0.270855    0.270742 0.000271667
          77    0.267076    0.270694 0.000272308
          78    0.271657    0.270706 0.000269078
          79    0.272829    0.270733 0.000267005
          80    0.269497    0.270718 0.000264099
          81    0.270543    0.270716 0.000260827
          82    0.271946    0.270731 0.000258063
          83    0.270416    0.270727 0.000254963
          84    0.275427    0.270783  0.00025805
          85    0.271281    0.270789 0.000255063
          86    0.275851    0.270847 0.000258862
          87    0.269938    0.270837 0.000256083
          88     0.26552    0.270777 0.000260267
          89    0.271116     0.27078 0.000257354
          90    0.269592    0.270767 0.000254821
          91    0.269857    0.270757 0.000252204
          92     0.27206    0.270771 0.000249849
          93    0.271345    0.270777 0.000247225
          94    0.273631    0.270808 0.000246457
          95     0.27315    0.270832 0.000245092
          96    0.278087    0.270908 0.000254026
          97    0.273897    0.270939 0.000253275
          98    0.273941     0.27097 0.000252542
          99     0.27522    0.271012 0.000253639
         100    0.275989    0.271062 0.000255973
