           1    0.432736    0.432736           0
           2    0.432178    0.432457 0.000278618
           3    0.441766     0.43556  0.00310733
           4    0.468363    0.443761     0.00849
           5     0.43292    0.441593  0.00692452
           6    0.423597    0.438593  0.00640014
           7    0.451606    0.440452  0.00571965
           8    0.439496    0.440333   0.0049548
           9     0.42546     0.43868  0.00467174
          10    0.456786    0.440491  0.00455394
          11    0.425991    0.439173  0.00432496
          12    0.428383    0.438274  0.00404922
          13     0.44012    0.438416  0.00372745
          14    0.448312    0.439123   0.0035226
          15    0.418768    0.437766  0.00354902
          16    0.429542    0.437252  0.00335936
          17    0.448473    0.437912  0.00322387
          18    0.434105      0.4377  0.00304684
          19    0.464599    0.439116  0.00321096
          20     0.45267    0.439794  0.00312066
          21    0.435742    0.439601  0.00297461
          22    0.449825    0.440065    0.002874
          23    0.429223    0.439594  0.00278637
          24     0.43577    0.439435   0.0026725
          25    0.446715    0.439726  0.00257986
          26    0.452156    0.440204  0.00252433
          27     0.44298    0.440307  0.00243122
          28    0.447984    0.440581  0.00235877
          29    0.428804    0.440175  0.00231193
          30    0.430888    0.439865  0.00225488
          31    0.430988    0.439579  0.00219965
          32    0.433717    0.439396  0.00213767
          33    0.445391    0.439577  0.00207983
          34    0.438625    0.439549  0.00201792
          35    0.425522    0.439149  0.00199999
          36      0.4328    0.438972  0.00195162
          37    0.436945    0.438918  0.00189893
          38    0.432724    0.438755  0.00185546
          39    0.414717    0.438138  0.00190946
          40    0.421254    0.437716  0.00190838
          41    0.421912    0.437331  0.00190075
          42     0.41836    0.436879  0.00190914
          43    0.440359     0.43696  0.00186597
          44    0.443979    0.437119  0.00183004
          45    0.430354    0.436969  0.00179521
          46     0.45262    0.437309  0.00178841
          47    0.416595    0.436869   0.0018046
          48    0.430421    0.436734   0.0017717
          49    0.447135    0.436946   0.0017481
          50      0.4468    0.437144  0.00172408
          51    0.439297    0.437186  0.00169047
          52    0.426542    0.436981  0.00167023
          53    0.431712    0.436882  0.00164142
          54    0.428853    0.436733  0.00161759
          55    0.442203    0.436832  0.00159102
          56    0.447659    0.437026  0.00157426
          57    0.413108    0.436606  0.00160232
          58    0.443274    0.436721  0.00157864
          59    0.422054    0.436473  0.00157144
          60    0.413807    0.436095  0.00159054
          61    0.443144     0.43621  0.00156851
          62    0.441495    0.436296  0.00154536
          63    0.454816     0.43659  0.00154879
          64    0.459521    0.436948  0.00156594
          65     0.44129    0.437015   0.0015431
          66    0.449677    0.437207  0.00153161
          67    0.441611    0.437272  0.00151001
          68    0.447878    0.437428  0.00149579
          69    0.457032    0.437712  0.00150108
          70    0.431655    0.437626  0.00148201
          71    0.427016    0.437476  0.00146861
          72    0.437415    0.437476  0.00144807
          73    0.456713    0.437739  0.00145221
          74    0.454791    0.437969  0.00145086
          75    0.438433    0.437976   0.0014314
          76    0.452074    0.438161  0.00142457
          77    0.426311    0.438007  0.00141435
          78    0.446711    0.438119  0.00140055
          79    0.428833    0.438001  0.00138769
          80    0.475759    0.438473  0.00144924
          81    0.446989    0.438578   0.0014351
          82    0.439023    0.438584   0.0014175
          83    0.460078    0.438843  0.00142406
          84    0.441607    0.438876  0.00140739
          85    0.443192    0.438926  0.00139166
          86    0.427572    0.438794  0.00138171
          87    0.441042     0.43882  0.00136598
          88    0.438631    0.438818  0.00135037
          89    0.421815    0.438627  0.00134871
          90    0.439156    0.438633  0.00133365
          91    0.438224    0.438628  0.00131892
          92    0.434105    0.438579  0.00130543
          93    0.460994     0.43882  0.00131362
          94    0.443343    0.438868  0.00130046
          95    0.435917    0.438837  0.00128707
          96      0.4285     0.43873  0.00127814
          97    0.436777     0.43871  0.00126505
          98     0.42901    0.438611  0.00125598
          99    0.448134    0.438707  0.00124695
         100    0.440366    0.438723  0.00123453
