           1   -0.763605   -0.763605           0
           2   -0.761416   -0.762511  0.00109467
           3   -0.761968    -0.76233 0.000657383
           4   -0.761597   -0.762147 0.000499606
           5    -0.76044   -0.761805 0.000516016
           6   -0.761821   -0.761808 0.000421333
           7   -0.759619   -0.761495 0.000473942
           8   -0.760824   -0.761411 0.000418934
           9   -0.761331   -0.761402 0.000369574
          10   -0.760843   -0.761346 0.000335262
          11       -0.76   -0.761224 0.000327026
          12   -0.758147   -0.760968 0.000393555
          13   -0.759923   -0.760887 0.000370833
          14   -0.759197   -0.760766 0.000363925
          15   -0.760027   -0.760717 0.000342367
          16   -0.761013   -0.760736 0.000320789
          17   -0.762992   -0.760868 0.000329265
          18   -0.759632     -0.7608 0.000317942
          19   -0.763112   -0.760921 0.000324434
          20   -0.760533   -0.760902 0.000308396
          21   -0.763672   -0.761034 0.000321635
          22   -0.761096   -0.761037  0.00030668
          23   -0.763421    -0.76114 0.000310843
          24   -0.763189   -0.761226 0.000309612
          25   -0.761709   -0.761245 0.000297599
          26   -0.762605   -0.761297  0.00029067
          27   -0.759576   -0.761234 0.000286872
          28   -0.761672   -0.761249  0.00027688
          29   -0.761571    -0.76126 0.000267392
          30   -0.759008   -0.761185 0.000269014
          31    -0.76312   -0.761248 0.000267572
          32   -0.761947    -0.76127 0.000259994
          33   -0.761405   -0.761274 0.000252026
          34   -0.759453    -0.76122 0.000250295
          35   -0.762429   -0.761255 0.000245481
          36   -0.761853   -0.761271 0.000239144
          37     -0.7602   -0.761242 0.000234386
          38   -0.759019   -0.761184  0.00023552
          39   -0.761731   -0.761198  0.00022983
          40   -0.762533   -0.761231 0.000226485
          41   -0.762371   -0.761259 0.000222633
          42   -0.763789   -0.761319 0.000225465
          43   -0.760955   -0.761311 0.000220323
          44   -0.762077   -0.761328 0.000215961
          45   -0.762875   -0.761363 0.000213886
          46   -0.760259   -0.761339 0.000210557
          47   -0.758824   -0.761285 0.000212862
          48   -0.761549   -0.761291 0.000208453
          49   -0.759773    -0.76126 0.000206489
          50   -0.759693   -0.761228 0.000204728
          51   -0.760429   -0.761213 0.000201284
          52   -0.760165   -0.761193   0.0001984
          53   -0.761315   -0.761195 0.000194635
          54   -0.763189   -0.761232 0.000194535
          55   -0.764453    -0.76129 0.000199746
          56   -0.756008   -0.761196 0.000217649
          57   -0.759147    -0.76116 0.000216799
          58   -0.762909    -0.76119 0.000215153
          59   -0.761869   -0.761202 0.000211788
          60   -0.762829   -0.761229 0.000209987
          61   -0.762371   -0.761248 0.000207363
          62   -0.763216   -0.761279 0.000206447
          63   -0.761645   -0.761285 0.000203227
          64   -0.764248   -0.761331 0.000205313
          65   -0.761659   -0.761336 0.000202193
          66   -0.759019   -0.761301 0.000202179
          67   -0.761072   -0.761298 0.000199168
          68   -0.764821    -0.76135 0.000202943
          69    -0.76232   -0.761364 0.000200474
          70   -0.763125   -0.761389 0.000199186
          71   -0.762064   -0.761398  0.00019659
          72   -0.762083   -0.761408 0.000194073
          73    -0.76108   -0.761403 0.000191449
          74   -0.758741   -0.761367  0.00019224
          75   -0.760507   -0.761356 0.000190007
          76   -0.761483   -0.761358 0.000187497
          77   -0.760875   -0.761351 0.000185153
          78     -0.7606   -0.761342 0.000183017
          79   -0.762053   -0.761351  0.00018091
          80    -0.75868   -0.761317 0.000181727
          81   -0.763176    -0.76134  0.00018093
          82   -0.758587   -0.761307 0.000181838
          83   -0.760899   -0.761302 0.000179701
          84   -0.765725   -0.761355 0.000185194
          85   -0.761056   -0.761351 0.000183036
          86   -0.759957   -0.761335 0.000181619
          87   -0.759803   -0.761317 0.000180381
          88   -0.761304   -0.761317  0.00017832
          89   -0.761861   -0.761323 0.000176411
          90   -0.758437   -0.761291 0.000177362
          91   -0.764011   -0.761321  0.00017793
          92   -0.759755   -0.761304 0.000176807
          93   -0.759179   -0.761281 0.000176382
          94   -0.762885   -0.761298 0.000175328
          95   -0.761845   -0.761304 0.000173569
          96   -0.761752   -0.761309 0.000171815
          97   -0.764216   -0.761339 0.000172656
          98   -0.763827   -0.761364 0.000172761
          99   -0.762776   -0.761378   0.0001716
         100   -0.762803   -0.761392 0.000170472
