           1    0.342024    0.342024           0
           2    0.341301    0.341663 0.000361606
           3    0.337945    0.340424  0.00125667
           4    0.349788    0.342765  0.00250414
           5    0.339668    0.342146  0.00203616
           6    0.339867    0.341766  0.00170533
           7    0.345848    0.342349   0.0015548
           8    0.343191    0.342454  0.00135059
           9    0.340404    0.342226   0.0012127
          10    0.343856    0.342389  0.00109684
          11    0.346687     0.34278   0.0010663
          12    0.342954    0.342795 0.000973504
          13    0.346408    0.343073 0.000937638
          14    0.346143    0.343292 0.000895356
          15    0.346535    0.343508 0.000861118
          16    0.336213    0.343052 0.000925601
          17    0.336758    0.342682 0.000944993
          18    0.339888    0.342527 0.000904369
          19    0.346923    0.342758 0.000886187
          20    0.342817    0.342761 0.000840716
          21    0.343821    0.342811 0.000801271
          22    0.348478    0.343069 0.000806236
          23    0.341084    0.342983 0.000775206
          24     0.34432    0.343038 0.000744291
          25    0.357641    0.343623 0.000922393
          26    0.342617    0.343584 0.000887051
          27    0.343324    0.343574  0.00085362
          28    0.347627    0.343719 0.000835206
          29    0.341143     0.34363 0.000810772
          30    0.347792    0.343769 0.000795468
          31    0.334898    0.343483 0.000820875
          32    0.350337    0.343697 0.000823166
          33     0.34153    0.343631  0.00080053
          34    0.339317    0.343504 0.000786926
          35    0.340288    0.343412 0.000769618
          36    0.340369    0.343328 0.000752696
          37    0.340046    0.343239 0.000737424
          38    0.345039    0.343287 0.000719317
          39    0.348652    0.343424 0.000714011
          40    0.345078    0.343465 0.000697159
          41    0.346395    0.343537 0.000683688
          42    0.345403    0.343581 0.000668688
          43    0.346354    0.343646 0.000656129
          44    0.338859    0.343537 0.000650209
          45    0.344195    0.343552 0.000635764
          46     0.34201    0.343518 0.000622692
          47    0.347157    0.343596 0.000614199
          48    0.346602    0.343658 0.000604522
          49    0.341152    0.343607 0.000594261
          50      0.3374    0.343483 0.000595343
          51    0.349517    0.343601 0.000595426
          52    0.341334    0.343558 0.000585489
          53    0.339887    0.343488 0.000578497
          54    0.345336    0.343523 0.000568714
          55    0.350241    0.343645 0.000571487
          56    0.344283    0.343656 0.000561304
          57     0.34221    0.343631 0.000551952
          58     0.33666    0.343511 0.000555508
          59    0.349722    0.343616 0.000556069
          60    0.339636     0.34355 0.000550732
          61    0.342266    0.343529 0.000542037
          62    0.345274    0.343557 0.000533966
          63    0.342973    0.343547 0.000525503
          64    0.345633     0.34358 0.000518253
          65    0.346876    0.343631 0.000512731
          66    0.345465    0.343659 0.000505667
          67    0.339425    0.343595 0.000502055
          68     0.33885    0.343526 0.000499514
          69    0.351009    0.343634 0.000504027
          70    0.344701    0.343649 0.000497009
          71     0.34188    0.343624 0.000490591
          72    0.347744    0.343682 0.000487102
          73    0.342221    0.343662 0.000480799
          74    0.345079    0.343681 0.000474644
          75    0.344543    0.343692 0.000468414
          76    0.342202    0.343673 0.000462625
          77     0.34554    0.343697 0.000457221
          78    0.340868    0.343661 0.000452776
          79    0.344252    0.343668 0.000447071
          80    0.342498    0.343653 0.000441689
          81    0.343415    0.343651 0.000436212
          82    0.338195    0.343584 0.000435967
          83    0.347647    0.343633 0.000433456
          84    0.348516    0.343691 0.000432192
          85    0.345241    0.343709 0.000427466
          86    0.344365    0.343717 0.000422535
          87    0.344328    0.343724  0.00041771
          88    0.348332    0.343776 0.000416242
          89    0.346498    0.343807 0.000412673
          90    0.341668    0.343783 0.000408753
          91    0.343917    0.343785 0.000404239
          92    0.340858    0.343753 0.000401085
          93    0.347909    0.343797 0.000399258
          94    0.337502     0.34373 0.000400626
          95    0.345345    0.343747  0.00039675
          96    0.344889    0.343759 0.000392776
          97    0.339501    0.343715 0.000391176
          98    0.345873    0.343737  0.00038779
          99    0.341643    0.343716 0.000384435
         100    0.349444    0.343774 0.000384857
