           1     3.52718     3.52718           0
           2     3.59006     3.55862     0.03144
           3     3.49368     3.53697   0.0282495
           4     3.59837     3.55232   0.0251914
           5     3.57085     3.55603    0.019862
           6       3.386     3.52769   0.0326498
           7     3.57906     3.53503   0.0285533
           8     3.57262     3.53973   0.0251703
           9     3.64574     3.55151     0.02513
          10     3.48067     3.54442   0.0235669
          11     3.75703     3.56375   0.0287745
          12     3.29712     3.54153   0.0344043
          13     3.54688     3.54194   0.0316501
          14     3.56143     3.54333   0.0293353
          15     3.56309     3.54465   0.0273414
          16     3.58094     3.54692   0.0256759
          17     3.44699     3.54104   0.0248244
          18     3.49267     3.53835   0.0235584
          19      3.7301     3.54845   0.0244627
          20     3.77546      3.5598   0.0258344
          21     3.56413        3.56   0.0245743
          22     3.64898     3.56405   0.0237772
          23     3.57203     3.56439   0.0227225
          24     3.64408     3.56771   0.0220071
          25     3.59936     3.56898   0.0211464
          26     3.59105     3.56983   0.0203345
          27     3.57199     3.56991    0.019567
          28     3.54093     3.56887   0.0188836
          29     3.42626     3.56396   0.0188728
          30     3.67635      3.5677   0.0186138
          31      3.5403     3.56682    0.018025
          32     3.51208     3.56511   0.0175363
          33     3.63097      3.5671   0.0171134
          34     3.57687     3.56739   0.0166049
          35      3.6436     3.56957   0.0162698
          36     3.55228     3.56909   0.0158187
          37     3.61786     3.57041   0.0154416
          38     3.60722     3.57137    0.015061
          39      3.4554      3.5684   0.0149681
          40     3.39904     3.56417   0.0151911
          41     3.54426     3.56368   0.0148239
          42     3.47174     3.56149   0.0146313
          43     3.61984     3.56285   0.0143513
          44     3.59965     3.56369   0.0140463
          45      3.5456     3.56328   0.0137365
          46     3.64141     3.56498   0.0135415
          47     3.70437     3.56795    0.013578
          48     3.57112     3.56801   0.0132923
          49     3.55049     3.56766   0.0130231
          50     3.39703     3.56424   0.0132085
          51     3.71273     3.56715   0.0132702
          52     3.65057     3.56876    0.013111
          53     3.61866      3.5697   0.0128957
          54     3.59441     3.57016   0.0126629
          55     3.43085     3.56763    0.012686
          56     3.50848     3.56657   0.0125021
          57     3.65652     3.56815   0.0123818
          58     3.56385     3.56807   0.0121667
          59     3.57029     3.56811   0.0119587
          60     3.67258     3.56985   0.0118859
          61     3.70726      3.5721   0.0119045
          62     3.63165     3.57306   0.0117503
          63     3.60587     3.57359    0.011574
          64     3.69107     3.57542   0.0115386
          65     3.51832     3.57454   0.0113937
          66     3.39115     3.57176   0.0115587
          67     3.49885     3.57068   0.0114367
          68     3.46895     3.56918   0.0113662
          69     3.69116     3.57095   0.0113389
          70     3.42264     3.56883   0.0113748
          71     3.52706     3.56824   0.0112288
          72     3.70826     3.57019   0.0112413
          73     3.51673     3.56945   0.0111104
          74     3.45204     3.56787   0.0110735
          75     3.49865     3.56694   0.0109637
          76     3.67285     3.56834   0.0109079
          77     3.64503     3.56933   0.0108113
          78     3.62495     3.57005   0.0106956
          79      3.7468     3.57228   0.0107938
          80     3.75086     3.57452   0.0108892
          81     3.54691     3.57418   0.0107594
          82     3.73313     3.57611   0.0108027
          83     3.45589     3.57467   0.0107696
          84     3.59419      3.5749   0.0106431
          85      3.5451     3.57455    0.010523
          86     3.56527     3.57444   0.0104005
          87     3.41639     3.57262   0.0104395
          88     3.68398     3.57389   0.0103975
          89      3.5299     3.57339   0.0102919
          90     3.43391     3.57184   0.0102942
          91     3.60099     3.57216   0.0101855
          92     3.67726     3.57331   0.0101388
          93     3.74523     3.57515   0.0101981
          94      3.4816     3.57416    0.010138
          95     3.64391     3.57489   0.0100576
          96     3.55504     3.57469  0.00995439
          97      3.5404     3.57433  0.00985757
          98     3.46091     3.57318  0.00982487
          99     3.52032     3.57264  0.00973976
         100     3.45213     3.57144   0.0097169
