           1   -0.893187   -0.893187           0
           2   -0.889992   -0.891589  0.00159733
           3   -0.891603   -0.891594 0.000922232
           4   -0.893923   -0.892176 0.000874207
           5   -0.886485   -0.891038  0.00132435
           6   -0.893389    -0.89143  0.00115015
           7   -0.894648    -0.89189   0.0010753
           8   -0.892101   -0.891916  0.00093161
           9    -0.88892   -0.891583  0.00088648
          10   -0.893208   -0.891746  0.00080937
          11   -0.889493   -0.891541 0.000760196
          12   -0.891389   -0.891528 0.000694076
          13   -0.894637   -0.891767 0.000681781
          14   -0.889979    -0.89164 0.000644008
          15   -0.892848    -0.89172 0.000604927
          16   -0.889816   -0.891601 0.000578237
          17   -0.895029   -0.891803 0.000579385
          18   -0.894021   -0.891926 0.000559981
          19   -0.891507   -0.891904 0.000530149
          20   -0.888952   -0.891756 0.000524155
          21   -0.891909   -0.891764 0.000498624
          22   -0.893187   -0.891828 0.000479799
          23   -0.894851    -0.89196 0.000476924
          24   -0.890704   -0.891907 0.000459608
          25   -0.896299   -0.892083 0.000474545
          26   -0.892165   -0.892086 0.000455939
          27   -0.893051   -0.892122 0.000440179
          28   -0.891296   -0.892092 0.000425191
          29    -0.89252   -0.892107 0.000410533
          30   -0.896472   -0.892253 0.000422456
          31   -0.894685   -0.892331 0.000416068
          32   -0.890573   -0.892276 0.000406585
          33   -0.892565   -0.892285 0.000394169
          34   -0.891381   -0.892258 0.000383322
          35   -0.892664    -0.89227 0.000372389
          36   -0.890832    -0.89223 0.000364095
          37   -0.888576   -0.892131 0.000367632
          38   -0.892541   -0.892142 0.000357989
          39   -0.886757   -0.892004  0.00037503
          40   -0.889435    -0.89194 0.000371135
          41   -0.889891    -0.89189 0.000365404
          42   -0.891552   -0.891882 0.000356688
          43   -0.895813   -0.891973 0.000360096
          44   -0.892851   -0.891993 0.000352381
          45   -0.894125   -0.892041 0.000347705
          46   -0.893803   -0.892079 0.000342213
          47   -0.892603    -0.89209 0.000335038
          48   -0.890365   -0.892054 0.000329946
          49   -0.895131   -0.892117 0.000329186
          50    -0.89324   -0.892139 0.000323316
          51   -0.892219   -0.892141 0.000316917
          52    -0.88932   -0.892087 0.000315462
          53   -0.887584   -0.892002 0.000320902
          54   -0.893064   -0.892021 0.000315518
          55   -0.895053   -0.892076 0.000314595
          56   -0.895112   -0.892131 0.000313646
          57   -0.893539   -0.892155 0.000309083
          58   -0.891613   -0.892146 0.000303851
          59    -0.89452   -0.892186 0.000301355
          60   -0.889848   -0.892147 0.000298842
          61   -0.888464   -0.892087 0.000300041
          62   -0.891947   -0.892085  0.00029517
          63   -0.895789   -0.892143  0.00029634
          64   -0.897925   -0.892234 0.000305344
          65   -0.887688   -0.892164 0.000308637
          66   -0.892776   -0.892173 0.000304067
          67   -0.896381   -0.892236 0.000306009
          68   -0.892027   -0.892233 0.000301491
          69   -0.887939   -0.892171 0.000303538
          70   -0.890928   -0.892153 0.000299697
          71   -0.889971   -0.892122  0.00029704
          72   -0.893813   -0.892146 0.000293826
          73   -0.892907   -0.892156  0.00028996
          74   -0.890824   -0.892138 0.000286581
          75   -0.887475   -0.892076  0.00028949
          76   -0.891317   -0.892066  0.00028583
          77    -0.89528   -0.892108 0.000285165
          78   -0.894341   -0.892136 0.000282938
          79   -0.891909   -0.892133 0.000279349
          80   -0.893976   -0.892156 0.000276795
          81   -0.890589   -0.892137  0.00027404
          82   -0.890837   -0.892121 0.000271141
          83   -0.891101   -0.892109 0.000268136
          84   -0.895453   -0.892149   0.0002679
          85   -0.890448   -0.892129 0.000265484
          86   -0.893851   -0.892149 0.000263142
          87   -0.891733   -0.892144 0.000260144
          88   -0.889096   -0.892109 0.000259492
          89   -0.893069    -0.89212 0.000256787
          90   -0.892648   -0.892126 0.000253985
          91   -0.889707   -0.892099 0.000252582
          92   -0.894803   -0.892129 0.000251543
          93   -0.889819   -0.892104 0.000250061
          94   -0.890312   -0.892085  0.00024812
          95   -0.886709   -0.892028 0.000251931
          96   -0.894752   -0.892057 0.000250902
          97   -0.893499   -0.892072 0.000248746
          98   -0.894608   -0.892097 0.000247552
          99   -0.896907   -0.892146 0.000249807
         100   -0.890443   -0.892129 0.000247883
