           1   0.0289147   0.0289147           0
           2   0.0301213    0.029518 0.000603333
           3   0.0271053   0.0287138 0.000876419
           4   0.0326693   0.0297027  0.00116703
           5    0.028344   0.0294309 0.000943935
           6   0.0345987   0.0302922  0.00115578
           7   0.0220293   0.0291118  0.00153217
           8    0.027584   0.0289208  0.00134057
           9   0.0296733   0.0290044  0.00118522
          10   0.0285827   0.0289623  0.00106093
          11   0.0263427   0.0287241 0.000988759
          12    0.033084   0.0290874 0.000972989
          13    0.032676   0.0293635 0.000936621
          14   0.0211053   0.0287736  0.00104875
          15   0.0325627   0.0290262  0.00100848
          16    0.028544   0.0289961 0.000943831
          17    0.024716   0.0287443 0.000921631
          18   0.0401547   0.0293782  0.00107558
          19   0.0357347   0.0297128  0.00107099
          20   0.0313253   0.0297934  0.00101922
          21    0.025524   0.0295901 0.000990561
          22   0.0279893   0.0295173 0.000947262
          23   0.0274973   0.0294295 0.000909391
          24    0.028844   0.0294051 0.000871017
          25   0.0226973   0.0291368 0.000877478
          26   0.0339413   0.0293216 0.000863068
          27   0.0290307   0.0293108 0.000830558
          28   0.0247307   0.0291472  0.00081689
          29    0.030392   0.0291902 0.000789387
          30   0.0239493   0.0290155 0.000782373
          31    0.031012   0.0290799  0.00075945
          32   0.0308187   0.0291342 0.000737339
          33   0.0384293   0.0294159 0.000768152
          34   0.0247587   0.0292789 0.000757701
          35    0.025508   0.0291712 0.000743581
          36    0.029008   0.0291666 0.000722645
          37   0.0331307   0.0292738 0.000710961
          38   0.0213187   0.0290644 0.000722971
          39    0.028444   0.0290485 0.000704369
          40   0.0325027   0.0291349 0.000691944
          41    0.025124    0.029037  0.00068191
          42   0.0255493    0.028954 0.000670637
          43   0.0264133   0.0288949 0.000657515
          44   0.0352653   0.0290397 0.000658511
          45   0.0305933   0.0290742 0.000644636
          46   0.0293453   0.0290801 0.000630494
          47   0.0365373   0.0292388  0.00063701
          48    0.026444   0.0291806  0.00062631
          49   0.0343093   0.0292852 0.000622261
          50   0.0313733    0.029327 0.000611118
          51   0.0371453   0.0294803  0.00061832
          52   0.0286987   0.0294653 0.000606499
          53   0.0287347   0.0294515 0.000595106
          54    0.040548    0.029657  0.00061908
          55   0.0263267   0.0295964 0.000610729
          56    0.028928   0.0295845 0.000599843
          57   0.0251307   0.0295063 0.000594384
          58   0.0255467   0.0294381 0.000588022
          59   0.0248653   0.0293606 0.000583143
          60     0.03198   0.0294042 0.000575002
          61    0.033424   0.0294701 0.000569324
          62    0.028488   0.0294543  0.00056029
          63   0.0281853   0.0294341 0.000551692
          64   0.0254973   0.0293726 0.000546477
          65    0.016712   0.0291778 0.000572177
          66     0.02944   0.0291818 0.000563455
          67     0.02358   0.0290982 0.000561244
          68   0.0197893   0.0289613 0.000569623
          69   0.0320893   0.0290066 0.000563135
          70   0.0291907   0.0290093 0.000555038
          71    0.032076   0.0290525 0.000548867
          72   0.0324307   0.0290994  0.00054322
          73   0.0324093   0.0291447 0.000537643
          74   0.0286453    0.029138  0.00053037
          75   0.0294547   0.0291422 0.000523268
          76   0.0251933   0.0290902 0.000518945
          77   0.0280653   0.0290769 0.000512334
          78   0.0249853   0.0290245 0.000508436
          79   0.0285107    0.029018 0.000502001
          80   0.0239653   0.0289548 0.000499694
          81    0.023964   0.0288932 0.000497318
          82   0.0338267   0.0289534 0.000494886
          83   0.0380147   0.0290625 0.000500929
          84   0.0270747   0.0290389 0.000495495
          85   0.0239667   0.0289792 0.000493253
          86   0.0314467   0.0290079 0.000488328
          87   0.0337893   0.0290629 0.000485801
          88    0.031112   0.0290861 0.000480813
          89   0.0362653   0.0291668 0.000482175
          90   0.0272453   0.0291455 0.000477265
          91   0.0328013   0.0291856 0.000473698
          92    0.038788     0.02929 0.000480006
          93   0.0372307   0.0293754 0.000482433
          94   0.0291213   0.0293727  0.00047728
          95   0.0277613   0.0293557 0.000472534
          96   0.0282227   0.0293439 0.000467735
          97   0.0229867   0.0292784 0.000467505
          98   0.0313933      0.0293 0.000463212
          99   0.0295813   0.0293028 0.000458519
         100    0.029448   0.0293043 0.000453912
