           1   -0.612173   -0.612173           0
           2   -0.613027     -0.6126 0.000426667
           3   -0.615293   -0.613498  0.00093096
           4   -0.613728   -0.613555 0.000660799
           5   -0.613349   -0.613514 0.000513508
           6   -0.616317   -0.613981  0.00062775
           7   -0.613227   -0.613874 0.000541388
           8   -0.611728   -0.613605 0.000540141
           9   -0.614432   -0.613697 0.000485134
          10   -0.615723     -0.6139 0.000478863
          11   -0.613536   -0.613867 0.000434408
          12   -0.613352   -0.613824 0.000398871
          13   -0.611187   -0.613621 0.000419251
          14   -0.612576   -0.613546 0.000395262
          15   -0.612747   -0.613493  0.00037181
          16   -0.612747   -0.613446 0.000350911
          17   -0.613488   -0.613449 0.000329632
          18   -0.612835   -0.613415 0.000312647
          19   -0.613643   -0.613427 0.000295978
          20   -0.614509   -0.613481  0.00028596
          21   -0.613288   -0.613472 0.000272157
          22   -0.610896   -0.613355 0.000284679
          23   -0.611813   -0.613288 0.000280152
          24   -0.613347    -0.61329 0.000268237
          25   -0.614093   -0.613322 0.000259282
          26   -0.614483   -0.613367 0.000253078
          27   -0.613283   -0.613364 0.000243544
          28   -0.614421   -0.613401 0.000237706
          29   -0.612427   -0.613368 0.000231812
          30   -0.613248   -0.613364 0.000223988
          31   -0.612517   -0.613337 0.000218356
          32   -0.614837   -0.613383 0.000216562
          33   -0.616912    -0.61349 0.000235563
          34   -0.612608   -0.613464 0.000229998
          35   -0.612456   -0.613436 0.000225181
          36   -0.614379   -0.613462 0.000220399
          37   -0.612883   -0.613446  0.00021493
          38   -0.612568   -0.613423  0.00021047
          39    -0.61356   -0.613427 0.000205033
          40   -0.613827   -0.613437 0.000200091
          41   -0.613981    -0.61345 0.000195602
          42   -0.612616    -0.61343 0.000191918
          43   -0.614253   -0.613449 0.000188377
          44   -0.612152    -0.61342 0.000186392
          45   -0.611171    -0.61337 0.000188933
          46   -0.611408   -0.613327 0.000189637
          47   -0.612373   -0.613307 0.000186664
          48   -0.614936   -0.613341  0.00018586
          49   -0.613712   -0.613348 0.000182185
          50   -0.612371   -0.613329 0.000179572
          51   -0.613008   -0.613322 0.000176128
          52   -0.614688   -0.613349 0.000174693
          53   -0.612125   -0.613326 0.000172912
          54   -0.614728   -0.613352 0.000171656
          55   -0.615448    -0.61339 0.000172764
          56   -0.613997   -0.613401 0.000169997
          57   -0.611019   -0.613359 0.000172137
          58   -0.615461   -0.613395 0.000172984
          59   -0.612213   -0.613375 0.000171203
          60   -0.613883   -0.613383 0.000168538
          61    -0.61224   -0.613365 0.000166808
          62   -0.614691   -0.613386 0.000165484
          63   -0.614499   -0.613404 0.000163791
          64   -0.614856   -0.613426   0.0001628
          65   -0.613005    -0.61342 0.000160407
          66   -0.615165   -0.613446 0.000160156
          67   -0.612776   -0.613436 0.000158065
          68   -0.614653   -0.613454 0.000156748
          69   -0.614499   -0.613469 0.000155199
          70   -0.615435   -0.613497 0.000155521
          71   -0.614568   -0.613513 0.000154055
          72   -0.612221   -0.613495 0.000152955
          73   -0.611701    -0.61347 0.000152832
          74   -0.613405   -0.613469 0.000150755
          75   -0.613901   -0.613475 0.000148843
          76   -0.614379   -0.613487 0.000147352
          77   -0.615112   -0.613508  0.00014695
          78   -0.613744   -0.613511 0.000145085
          79   -0.611973   -0.613492 0.000144553
          80   -0.609917   -0.613447 0.000149564
          81   -0.614347   -0.613458 0.000148123
          82   -0.613672   -0.613461 0.000146329
          83   -0.613456    -0.61346 0.000144555
          84   -0.613147   -0.613457 0.000142872
          85   -0.613157   -0.613453 0.000141226
          86   -0.613752   -0.613457 0.000139617
          87   -0.612731   -0.613448 0.000138255
          88   -0.612491   -0.613437 0.000137107
          89   -0.614099   -0.613445 0.000135762
          90   -0.611005   -0.613418 0.000136954
          91    -0.61272    -0.61341 0.000135657
          92   -0.612349   -0.613399 0.000134669
          93   -0.612437   -0.613388 0.000133614
          94   -0.613331   -0.613388 0.000132186
          95   -0.613251   -0.613386 0.000130795
          96   -0.613608   -0.613389 0.000129446
          97   -0.612605    -0.61338 0.000128359
          98   -0.611741   -0.613364 0.000128139
          99   -0.613571   -0.613366 0.000126855
         100   -0.611597   -0.613348 0.000126819
