           1    0.027084    0.027084           0
           2    0.027764    0.027424     0.00034
           3   0.0269893   0.0272791  0.00024398
           4   0.0213133   0.0257877  0.00150139
           5   0.0331867   0.0272675   0.0018821
           6   0.0265653   0.0271504  0.00154118
           7    0.033884   0.0281124  0.00161923
           8   0.0271533   0.0279925  0.00140741
           9   0.0327987   0.0285265  0.00135122
          10   0.0361453   0.0292884  0.00142867
          11   0.0338067   0.0296992  0.00135599
          12   0.0273213    0.029501  0.00125361
          13   0.0264853    0.029269  0.00117625
          14    0.026444   0.0290672  0.00110753
          15    0.030312   0.0291502  0.00103439
          16   0.0226453   0.0287437  0.00104953
          17    0.027276   0.0286573 0.000989632
          18   0.0302053   0.0287433 0.000936989
          19   0.0231347   0.0284481 0.000934169
          20   0.0305587   0.0285537 0.000892491
          21   0.0307053   0.0286561 0.000855089
          22    0.032748   0.0288421 0.000836242
          23   0.0342867   0.0290788 0.000833384
          24    0.021964   0.0287824 0.000851196
          25   0.0249147   0.0286277 0.000830967
          26    0.032584   0.0287798 0.000812739
          27    0.024904   0.0286363 0.000795124
          28   0.0281587   0.0286192 0.000766391
          29   0.0317533   0.0287273 0.000747347
          30    0.026964   0.0286685 0.000724394
          31   0.0313573   0.0287553 0.000705985
          32   0.0241867   0.0286125 0.000698317
          33   0.0219653   0.0284111 0.000706163
          34   0.0290987   0.0284313 0.000685377
          35    0.019488   0.0281758 0.000712876
          36   0.0319493   0.0282806 0.000700676
          37    0.026068   0.0282208 0.000684094
          38   0.0305507   0.0282821 0.000668665
          39    0.030508   0.0283392  0.00065379
          40   0.0277787   0.0283252  0.00063739
          41   0.0338227   0.0284593 0.000635946
          42    0.028268   0.0284547 0.000620636
          43    0.023768   0.0283457 0.000615754
          44   0.0242533   0.0282527 0.000608744
          45   0.0249147   0.0281785 0.000599668
          46   0.0260653   0.0281326 0.000588284
          47   0.0321733   0.0282186 0.000582016
          48   0.0289987   0.0282348 0.000569993
          49   0.0230147   0.0281283 0.000568314
          50   0.0294453   0.0281546 0.000557454
          51   0.0251973   0.0280966 0.000549483
          52    0.026788   0.0280715 0.000539399
          53    0.029856   0.0281051 0.000530194
          54   0.0276427   0.0280966 0.000520354
          55   0.0278933   0.0280929 0.000510819
          56   0.0232773   0.0280069 0.000508931
          57    0.028448   0.0280146 0.000499983
          58   0.0312267     0.02807 0.000494398
          59   0.0271373   0.0280542 0.000486204
          60   0.0254907   0.0280115 0.000479937
          61     0.02818   0.0280142 0.000472012
          62   0.0274653   0.0280054 0.000464421
          63   0.0274307   0.0279963  0.00045708
          64   0.0288267   0.0280092 0.000450069
          65   0.0248933   0.0279613 0.000445676
          66     0.02618   0.0279343 0.000439701
          67   0.0322173   0.0279982 0.000437781
          68   0.0270653   0.0279845 0.000431513
          69   0.0181627   0.0278422 0.000448407
          70   0.0320587   0.0279024  0.00044604
          71    0.025324   0.0278661  0.00044121
          72   0.0316347   0.0279184 0.000438177
          73    0.025416   0.0278841  0.00043349
          74    0.034132   0.0279686 0.000435848
          75    0.025548   0.0279363 0.000431207
          76   0.0265107   0.0279175 0.000425908
          77   0.0334507   0.0279894 0.000426439
          78     0.02876   0.0279993 0.000421052
          79    0.021688   0.0279194 0.000423295
          80     0.02826   0.0279237 0.000417992
          81   0.0276987   0.0279209 0.000412809
          82    0.023816   0.0278708 0.000410805
          83   0.0311453   0.0279103 0.000407739
          84   0.0281787   0.0279135 0.000402868
          85   0.0287893   0.0279238 0.000398234
          86    0.022552   0.0278613 0.000398501
          87    0.027576    0.027858 0.000393908
          88   0.0218453   0.0277897 0.000395355
          89    0.025076   0.0277592 0.000392075
          90    0.031228   0.0277977 0.000389605
          91    0.032672   0.0278513 0.000389005
          92   0.0340267   0.0279184 0.000390565
          93   0.0217347   0.0278519 0.000392023
          94   0.0220533   0.0277903 0.000392705
          95   0.0234867    0.027745 0.000391181
          96   0.0290627   0.0277587 0.000387328
          97   0.0312987   0.0277952 0.000385048
          98      0.0256   0.0277728 0.000381756
          99     0.02432   0.0277379 0.000379486
         100   0.0328347   0.0277889 0.000379114
