           1   0.0633867   0.0633867           0
           2   0.0648547   0.0641207    0.000734
           3   0.0656147   0.0646187 0.000653903
           4   0.0684213   0.0655693  0.00105715
           5    0.064652   0.0653859 0.000839165
           6    0.062692   0.0649369 0.000819174
           7   0.0629773    0.064657 0.000746782
           8    0.069056   0.0652068   0.0008489
           9   0.0593187   0.0645526 0.000994244
          10   0.0759027   0.0656876  0.00144189
          11   0.0797787   0.0669686  0.00182812
          12    0.065956   0.0668842  0.00167097
          13    0.059904   0.0663473  0.00162815
          14   0.0597147   0.0658735  0.00158007
          15   0.0579253   0.0653436   0.0015635
          16     0.05244   0.0645372  0.00167014
          17    0.060296   0.0642877  0.00158854
          18   0.0643013   0.0642884  0.00149769
          19   0.0582133   0.0639687   0.0014523
          20    0.049272   0.0632339  0.00156149
          21   0.0455253   0.0623906  0.00170796
          22   0.0479053   0.0617322  0.00175655
          23    0.052504    0.061331  0.00172573
          24   0.0554347   0.0610853  0.00167042
          25   0.0482013   0.0605699  0.00168306
          26   0.0580827   0.0604743  0.00161986
          27   0.0705827   0.0608486  0.00160304
          28    0.055244   0.0606485  0.00155764
          29     0.06356   0.0607489  0.00150632
          30    0.055532    0.060575   0.0014656
          31   0.0651067   0.0607212  0.00142505
          32    0.057004    0.060605  0.00138468
          33   0.0599067   0.0605838  0.00134223
          34   0.0491973   0.0602489  0.00134453
          35   0.0463493   0.0598518  0.00136462
          36   0.0602827   0.0598638  0.00132622
          37   0.0703147   0.0601462  0.00132044
          38   0.0661547   0.0603044  0.00129492
          39    0.062024   0.0603484  0.00126205
          40   0.0584693   0.0603015  0.00123099
          41   0.0529053   0.0601211  0.00121406
          42   0.0521667   0.0599317  0.00119985
          43   0.0663667   0.0600813  0.00118113
          44   0.0508613   0.0598718  0.00117285
          45   0.0566187   0.0597995  0.00114876
          46     0.04868   0.0595578  0.00114922
          47   0.0587493   0.0595406  0.00112464
          48   0.0527067   0.0593982  0.00111012
          49     0.05662   0.0593415  0.00108871
          50   0.0632573   0.0594198  0.00106959
          51   0.0510413   0.0592555   0.0010612
          52      0.0623   0.0593141  0.00104223
          53    0.076236   0.0596334  0.00107108
          54   0.0443547   0.0593504  0.00108847
          55   0.0669667   0.0594889  0.00107743
          56    0.065316    0.059593  0.00106312
          57   0.0550467   0.0595132  0.00104735
          58   0.0668853   0.0596403  0.00103695
          59    0.060484   0.0596546  0.00101932
          60   0.0711693   0.0598465   0.0010204
          61     0.06002   0.0598494  0.00100354
          62   0.0449013   0.0596083  0.00101623
          63    0.057692   0.0595778  0.00100043
          64   0.0644147   0.0596534 0.000987574
          65   0.0676813   0.0597769 0.000980075
          66    0.051576   0.0596527 0.000973077
          67   0.0603787   0.0596635 0.000958505
          68   0.0622533   0.0597016 0.000945071
          69     0.06278   0.0597462 0.000932342
          70   0.0578653   0.0597193 0.000919319
          71   0.0480013   0.0595543 0.000921184
          72   0.0576853   0.0595283  0.00090867
          73   0.0628987   0.0595745 0.000897325
          74     0.06488   0.0596462 0.000888015
          75   0.0583733   0.0596292 0.000876259
          76    0.066944   0.0597255 0.000869993
          77    0.055616   0.0596721 0.000860277
          78   0.0565227   0.0596317 0.000850135
          79   0.0571947   0.0596009 0.000839872
          80   0.0594947   0.0595996 0.000829308
          81   0.0629627   0.0596411 0.000820058
          82   0.0562613   0.0595999 0.000811043
          83   0.0632333   0.0596436 0.000802407
          84   0.0659653   0.0597189 0.000796361
          85   0.0530813   0.0596408 0.000790801
          86   0.0553613    0.059591 0.000783134
          87   0.0615587   0.0596137 0.000774411
          88   0.0450373    0.059448 0.000783274
          89     0.06098   0.0594652 0.000774615
          90   0.0671173   0.0595503 0.000770664
          91   0.0411147   0.0593477 0.000788614
          92   0.0591347   0.0593453 0.000779999
          93   0.0581747   0.0593328 0.000771669
          94    0.064404   0.0593867 0.000765319
          95   0.0572267    0.059364 0.000757561
          96    0.050256   0.0592691 0.000755609
          97   0.0561213   0.0592366 0.000748482
          98   0.0571733   0.0592156 0.000741104
          99    0.057456   0.0591978 0.000733795
         100   0.0577387   0.0591832 0.000726567
