           1   -0.842059   -0.842059           0
           2   -0.845992   -0.844025  0.00196667
           3   -0.850613   -0.846221  0.00247218
           4   -0.848213   -0.846719  0.00181765
           5   -0.850661   -0.847508  0.00161365
           6     -0.8482   -0.847623  0.00132259
           7   -0.847075   -0.847545  0.00112053
           8   -0.850331   -0.847893    0.001031
           9   -0.850816   -0.848218  0.00096552
          10   -0.847699   -0.848166 0.000865146
          11   -0.847267   -0.848084 0.000786812
          12   -0.846283   -0.847934 0.000733778
          13   -0.847285   -0.847884  0.00067682
          14   -0.850616   -0.848079 0.000656294
          15    -0.84556   -0.847911  0.00063364
          16   -0.848635   -0.847957 0.000594438
          17   -0.848075   -0.847963  0.00055842
          18   -0.847848   -0.847957 0.000526523
          19   -0.848933   -0.848008 0.000500684
          20   -0.853645    -0.84829 0.000552316
          21   -0.848384   -0.848295 0.000525377
          22   -0.852155    -0.84847 0.000530765
          23   -0.850749   -0.848569 0.000516753
          24   -0.846141   -0.848468  0.00050499
          25   -0.846112   -0.848374 0.000493453
          26   -0.846923   -0.848318 0.000477369
          27   -0.847989   -0.848306  0.00045951
          28   -0.849352   -0.848343 0.000444368
          29   -0.850232   -0.848408  0.00043369
          30   -0.850315   -0.848472 0.000423775
          31     -0.8516   -0.848573 0.000422115
          32   -0.848739   -0.848578 0.000408744
          33   -0.849104   -0.848594 0.000396485
          34   -0.849437   -0.848619 0.000385446
          35   -0.848475   -0.848615 0.000374294
          36   -0.846629   -0.848559 0.000367905
          37   -0.847115    -0.84852 0.000359948
          38   -0.849381   -0.848543 0.000351079
          39   -0.845805   -0.848473  0.00034909
          40   -0.849597   -0.848501  0.00034141
          41   -0.849984   -0.848537 0.000334937
          42   -0.851051   -0.848597 0.000332299
          43   -0.847568   -0.848573  0.00032536
          44   -0.847115    -0.84854 0.000319603
          45   -0.843291   -0.848423 0.000333487
          46   -0.848037   -0.848415 0.000326265
          47   -0.846045   -0.848364 0.000323204
          48   -0.850021   -0.848399 0.000318276
          49   -0.849453   -0.848421 0.000312455
          50   -0.848288   -0.848418 0.000306153
          51   -0.850883   -0.848466 0.000303957
          52   -0.850507   -0.848505 0.000300626
          53   -0.844189   -0.848424 0.000305937
          54   -0.849096   -0.848436 0.000300476
          55   -0.846496   -0.848401 0.000297065
          56   -0.852285   -0.848471 0.000299844
          57   -0.847512   -0.848454 0.000295017
          58   -0.847355   -0.848435 0.000290504
          59   -0.846909   -0.848409 0.000286706
          60   -0.848021   -0.848402 0.000281961
          61   -0.848683   -0.848407 0.000277338
          62   -0.849909   -0.848431 0.000273902
          63   -0.846005   -0.848393 0.000272256
          64   -0.851405    -0.84844 0.000272072
          65   -0.844944   -0.848386 0.000273199
          66   -0.849504   -0.848403 0.000269561
          67   -0.847264   -0.848386 0.000266051
          68   -0.847843   -0.848378 0.000262231
          69   -0.851867   -0.848429 0.000263302
          70   -0.843477   -0.848358  0.00026898
          71   -0.845267   -0.848314 0.000268715
          72   -0.848813   -0.848321 0.000265047
          73   -0.849171   -0.848333  0.00026165
          74   -0.847653   -0.848324 0.000258253
          75   -0.846944   -0.848305  0.00025545
          76   -0.852645   -0.848362 0.000258454
          77   -0.847816   -0.848355 0.000255174
          78   -0.846933   -0.848337  0.00025254
          79   -0.844867   -0.848293 0.000253164
          80   -0.848307   -0.848293 0.000249979
          81   -0.851339   -0.848331  0.00024972
          82    -0.84764   -0.848322   0.0002468
          83   -0.850341   -0.848347 0.000245018
          84   -0.846797   -0.848328 0.000242786
          85   -0.851744   -0.848369 0.000243254
          86   -0.849245   -0.848379 0.000240625
          87   -0.851515   -0.848415 0.000240559
          88   -0.846648   -0.848395 0.000238656
          89   -0.848704   -0.848398 0.000235985
          90   -0.845744   -0.848369 0.000235204
          91   -0.847541    -0.84836 0.000232783
          92   -0.848437    -0.84836  0.00023024
          93   -0.849008   -0.848367 0.000227857
          94    -0.84956    -0.84838 0.000225777
          95    -0.85308    -0.84843 0.000228801
          96      -0.848   -0.848425 0.000226449
          97   -0.849637   -0.848438  0.00022445
          98   -0.848744   -0.848441  0.00022217
          99   -0.849272   -0.848449 0.000220075
         100   -0.851776   -0.848482 0.000220389
