           1    0.912761    0.912761           0
           2    0.942228    0.927495   0.0147333
           3    0.912217    0.922402  0.00991413
           4    0.887563    0.913692   0.0111807
           5     0.93376    0.917706   0.0095453
           6    0.811712     0.90004   0.0193085
           7    0.900597     0.90012   0.0163188
           8    0.938161    0.904875   0.0149111
           9    0.946131    0.909459   0.0139264
          10    0.888459    0.907359   0.0126319
          11    0.943876    0.910679   0.0118985
          12    0.816444    0.902826   0.0134032
          13    0.877572    0.900883   0.0124813
          14    0.946055     0.90411   0.0119974
          15    0.905581    0.904208   0.0111694
          16    0.874181    0.902331   0.0106152
          17    0.928999      0.9039   0.0100939
          18    0.799233    0.898085   0.0111525
          19    0.956451    0.901157   0.0109874
          20    0.907093    0.901454   0.0104278
          21    0.844453    0.898739   0.0102835
          22    0.871683     0.89751  0.00988173
          23    0.834479    0.894769  0.00983196
          24    0.801645    0.890889   0.0101817
          25    0.802433    0.887351   0.0103872
          26    0.945179    0.889575   0.0102245
          27    0.936364    0.891308  0.00998999
          28     0.94904     0.89337  0.00984493
          29    0.837353    0.891438  0.00969378
          30    0.898741    0.891682  0.00936824
          31    0.931607    0.892969  0.00915207
          32    0.900944    0.893219  0.00886496
          33     0.86422     0.89234  0.00863695
          34    0.875835    0.891854  0.00839312
          35      0.8738    0.891339   0.0081661
          36    0.886776    0.891212  0.00793703
          37    0.780431    0.888218  0.00827984
          38     0.90146    0.888566  0.00806654
          39    0.928315    0.889585  0.00792281
          40    0.938588    0.890811  0.00781877
          41    0.705567    0.886292  0.00886367
          42    0.769684    0.883516   0.0090847
          43    0.871931    0.883247  0.00887501
          44    0.863125    0.882789  0.00868301
          45    0.957784    0.884456  0.00864992
          46    0.812049    0.882882  0.00860498
          47    0.973981     0.88482  0.00864012
          48    0.853549    0.884169  0.00848326
          49    0.847109    0.883412  0.00834268
          50    0.875333    0.883251  0.00817572
          51    0.965351     0.88486   0.0081739
          52    0.864001    0.884459   0.0080252
          53    0.813775    0.883126  0.00798449
          54    0.880724    0.883081  0.00783536
          55    0.787359    0.881341  0.00788603
          56    0.932832     0.88226  0.00779833
          57    0.903147    0.882627  0.00766905
          58    0.937152    0.883567  0.00759408
          59    0.860128     0.88317  0.00747482
          60    0.929073    0.883935   0.0073889
          61    0.884336    0.883941  0.00726676
          62    0.948144    0.884977  0.00722321
          63    0.955108     0.88609  0.00719428
          64    0.946067    0.887027  0.00714272
          65    0.802253    0.885723  0.00715189
          66    0.926113    0.886335  0.00706924
          67    0.826597    0.885443  0.00701978
          68    0.890393    0.885516  0.00691616
          69    0.946963    0.886407  0.00687313
          70    0.934263     0.88709  0.00680864
          71    0.790519     0.88573  0.00684848
          72     0.77398    0.884178  0.00692877
          73    0.805455      0.8831  0.00691777
          74    0.949212    0.883993  0.00688188
          75    0.930676    0.884615  0.00681798
          76    0.902241    0.884847  0.00673166
          77    0.851087    0.884409  0.00665812
          78    0.971203    0.885522  0.00666574
          79     0.79782    0.884411   0.0066738
          80    0.736455    0.882562  0.00684446
          81    0.950147    0.883396  0.00681073
          82    0.861576     0.88313  0.00673242
          83    0.675979    0.880634  0.00710369
          84    0.825324    0.879976  0.00704943
          85    0.912537    0.880359  0.00697653
          86    0.676369    0.877987  0.00729152
          87    0.857076    0.877747  0.00721123
          88    0.905771    0.878065  0.00713592
          89    0.945081    0.878818  0.00709536
          90    0.948985    0.879598  0.00705926
          91    0.893969    0.879756  0.00698304
          92    0.842705    0.879353  0.00691845
          93    0.767153    0.878147  0.00694918
          94    0.946444    0.878873  0.00691315
          95    0.944844    0.879568  0.00687515
          96    0.925989    0.880051  0.00682032
          97    0.869319     0.87994  0.00675055
          98    0.903088    0.880177  0.00668548
          99     0.95684    0.880951  0.00666276
         100    0.839437    0.880536  0.00660885
