           1    0.428705    0.428705           0
           2    0.414182    0.421444  0.00726117
           3    0.423038    0.421975  0.00422581
           4    0.438688    0.426153  0.00513683
           5    0.417025    0.424328  0.00437783
           6    0.417381     0.42317  0.00375733
           7    0.420035    0.422722  0.00320694
           8     0.41587    0.421866  0.00290636
           9    0.435101    0.423336  0.00295507
          10    0.415602    0.422563  0.00275393
          11    0.414869    0.421863  0.00258735
          12    0.425226    0.422144  0.00237848
          13    0.413386     0.42147  0.00228924
          14    0.431445    0.422182  0.00223598
          15    0.414016    0.421638  0.00215161
          16    0.420066     0.42154  0.00201504
          17    0.422678    0.421607  0.00189398
          18    0.411407     0.42104  0.00187342
          19     0.41591     0.42077  0.00179253
          20    0.423623    0.420913  0.00170652
          21    0.418984    0.420821  0.00162582
          22    0.432676     0.42136  0.00164114
          23    0.416812    0.421162  0.00158058
          24    0.425283    0.421334  0.00152301
          25     0.40315    0.420606  0.00163188
          26     0.43197    0.421043  0.00162764
          27    0.413911    0.420779  0.00158832
          28    0.431871    0.421175  0.00158097
          29    0.418533    0.421084   0.0015282
          30    0.411577    0.420767  0.00151001
          31    0.418052     0.42068  0.00146311
          32    0.416323    0.420544  0.00142318
          33    0.430611    0.420849  0.00141271
          34    0.434961    0.421264    0.001432
          35    0.432484    0.421584  0.00142696
          36    0.414474    0.421387  0.00140075
          37    0.412553    0.421148  0.00138313
          38    0.421285    0.421152  0.00134625
          39    0.422197    0.421178  0.00131155
          40    0.427434    0.421335  0.00128787
          41    0.414535    0.421169  0.00126697
          42    0.418663    0.421109  0.00123787
          43     0.43332    0.421393  0.00124165
          44      0.4178    0.421312  0.00121585
          45     0.42316    0.421353  0.00118923
          46    0.427591    0.421488  0.00117097
          47    0.428891    0.421646  0.00115656
          48    0.408509    0.421372  0.00116481
          49    0.416157    0.421266  0.00114575
          50    0.417819    0.421197  0.00112471
          51    0.419799    0.421169  0.00110278
          52    0.412799    0.421008  0.00109328
          53     0.42273    0.421041  0.00107295
          54    0.412654    0.420886  0.00106428
          55    0.417611    0.420826  0.00104645
          56    0.418222     0.42078  0.00102864
          57    0.418246    0.420735  0.00101141
          58    0.420473    0.420731 0.000993832
          59    0.426887    0.420835 0.000982399
          60    0.422309    0.420859   0.0009662
          61    0.419804    0.420842 0.000950386
          62      0.4132    0.420719 0.000943021
          63    0.427715     0.42083 0.000934554
          64    0.433028    0.421021 0.000939375
          65     0.41038    0.420857 0.000939187
          66    0.426939    0.420949 0.000929427
          67    0.410161    0.420788 0.000929502
          68     0.43423    0.420986 0.000936823
          69    0.418184    0.420945 0.000924038
          70    0.425965    0.421017 0.000913561
          71    0.420736    0.421013  0.00090061
          72    0.418332    0.420976 0.000888794
          73    0.423014    0.421004 0.000876979
          74    0.414854     0.42092 0.000869029
          75    0.421406    0.420927 0.000857388
          76    0.421757    0.420938 0.000846102
          77    0.423407     0.42097 0.000835657
          78    0.420707    0.420967  0.00082488
          79    0.423725    0.421001  0.00081512
          80    0.409438    0.420857 0.000817742
          81    0.424786    0.420905 0.000809039
          82    0.426012    0.420968 0.000801535
          83     0.41676    0.420917 0.000793441
          84    0.417678    0.420878 0.000784885
          85    0.429704    0.420982 0.000782516
          86    0.430293    0.421091 0.000780905
          87    0.418153    0.421057 0.000772615
          88    0.435211    0.421218 0.000780537
          89    0.430995    0.421327 0.000779497
          90    0.424177    0.421359 0.000771437
          91    0.425052      0.4214 0.000763991
          92    0.419986    0.421384 0.000755797
          93    0.424372    0.421416 0.000748316
          94    0.417824    0.421378 0.000741298
          95    0.411158    0.421271 0.000741302
          96    0.428508    0.421346 0.000737403
          97    0.423442    0.421368 0.000730081
          98    0.408516    0.421237 0.000734397
          99    0.412127    0.421144 0.000732742
         100    0.412503    0.421058 0.000730506
