           1    0.431734    0.431734           0
           2    0.430382    0.431058 0.000675911
           3    0.412898    0.425005  0.00606586
           4    0.407959    0.420743  0.00604632
           5    0.462564    0.429107  0.00958607
           6    0.396228    0.423628  0.00955459
           7     0.39292    0.419241  0.00918976
           8    0.439791     0.42181  0.00836287
           9    0.410492    0.420552  0.00748179
          10    0.431116    0.421608  0.00677478
          11     0.43286    0.422631   0.0062128
          12    0.408496    0.421453  0.00579251
          13    0.420188    0.421356  0.00532922
          14    0.410383    0.420572  0.00499576
          15    0.430817    0.421255  0.00470068
          16    0.422861    0.421356  0.00439823
          17    0.394868    0.419797  0.00441546
          18    0.399466    0.418668  0.00431345
          19    0.408021    0.418108  0.00411842
          20    0.408746    0.417639  0.00393502
          21    0.425243    0.418002  0.00376042
          22    0.438073    0.418914  0.00369967
          23    0.429186     0.41936  0.00356326
          24    0.396855    0.418423  0.00353809
          25      0.4592    0.420054  0.00376524
          26     0.40561    0.419498  0.00365993
          27    0.419596    0.419502  0.00352177
          28    0.443661    0.420365  0.00350163
          29    0.434729     0.42086  0.00341484
          30    0.422889    0.420928  0.00329974
          31    0.404002    0.420382  0.00323789
          32    0.424779    0.420519  0.00313808
          33    0.394891    0.419742  0.00313909
          34    0.444342    0.420466  0.00313013
          35    0.431992    0.420795  0.00305717
          36    0.393791    0.420045  0.00306427
          37    0.423362    0.420135  0.00298165
          38    0.425158    0.420267  0.00290513
          39    0.424948    0.420387   0.0028322
          40    0.453428    0.421213  0.00288143
          41    0.425233    0.421311  0.00281198
          42    0.427702    0.421463  0.00274843
          43    0.419556    0.421419  0.00268412
          44    0.408449    0.421124  0.00263892
          45    0.382164    0.420258  0.00272102
          46    0.451003    0.420927  0.00274386
          47     0.43657     0.42126   0.0027054
          48     0.41583    0.421146  0.00265085
          49    0.423299     0.42119  0.00259656
          50    0.417731    0.421121  0.00254504
          51    0.409714    0.420897  0.00250464
          52    0.422895    0.420936   0.0024563
          53    0.438917    0.421275  0.00243328
          54    0.425519    0.421354  0.00238909
          55    0.412072    0.421185  0.00235131
          56    0.418398    0.421135  0.00230948
          57    0.433973     0.42136  0.00227975
          58    0.390719    0.420832  0.00230156
          59    0.445506     0.42125  0.00230054
          60     0.42775    0.421359  0.00226447
          61    0.394168    0.420913   0.0022712
          62    0.401629    0.420602  0.00225582
          63    0.413402    0.420488  0.00222266
          64    0.398099    0.420138  0.00221545
          65    0.416033    0.420075  0.00218201
          66    0.438613    0.420356  0.00216698
          67    0.409127    0.420188  0.00214096
          68    0.418939     0.42017  0.00210932
          69    0.408794    0.420005  0.00208505
          70     0.44346     0.42034  0.00208219
          71     0.41291    0.420235  0.00205532
          72    0.419614    0.420227  0.00202659
          73     0.43256    0.420395  0.00200576
          74    0.417034     0.42035  0.00197899
          75    0.407639    0.420181  0.00195977
          76    0.435175    0.420378  0.00194385
          77    0.408036    0.420218  0.00192513
          78    0.435315    0.420411  0.00191012
          79    0.433228    0.420573  0.00189275
          80    0.414222    0.420494  0.00187063
          81    0.422735    0.420522   0.0018476
          82    0.470095    0.421126  0.00192245
          83    0.428661    0.421217  0.00190132
          84    0.406522    0.421042  0.00188668
          85     0.40703    0.420877  0.00187162
          86    0.432213    0.421009  0.00185442
          87    0.388247    0.420632  0.00187126
          88    0.427529    0.420711  0.00185154
          89    0.425756    0.420768  0.00183149
          90    0.414232    0.420695  0.00181248
          91    0.430133    0.420799  0.00179545
          92    0.421049    0.420801  0.00177583
          93    0.431727    0.420919  0.00176056
          94    0.404067     0.42074  0.00175093
          95    0.443443    0.420979  0.00174881
          96    0.422468    0.420994  0.00173056
          97    0.447623    0.421269  0.00173449
          98    0.407177    0.421125  0.00172271
          99    0.414454    0.421057  0.00170656
         100    0.389859    0.420745  0.00171797
