           1    0.375076    0.375076           0
           2     0.36271    0.368893  0.00618316
           3    0.372575     0.37012  0.00377502
           4    0.372612    0.370743  0.00274104
           5     0.37317    0.371229  0.00217797
           6    0.368359     0.37075   0.0018415
           7    0.365556    0.370008  0.00172419
           8    0.383807    0.371733  0.00228143
           9    0.366686    0.371172  0.00208871
          10    0.370267    0.371082  0.00187039
          11    0.375749    0.371506  0.00174421
          12    0.375475    0.371837  0.00162623
          13    0.369105    0.371627  0.00151061
          14     0.37346    0.371758  0.00140467
          15     0.37576    0.372024  0.00133462
          16    0.374106    0.372155  0.00125518
          17    0.368743    0.371954  0.00119599
          18    0.362712     0.37144  0.00123898
          19    0.372624    0.371503  0.00117362
          20    0.378267    0.371841  0.00116363
          21    0.368031     0.37166   0.0011216
          22    0.373152    0.371727  0.00107155
          23    0.366663    0.371507  0.00104731
          24    0.373624    0.371595  0.00100659
          25    0.363412    0.371268  0.00101947
          26    0.369631    0.371205 0.000981493
          27    0.366849    0.371044 0.000958123
          28    0.372789    0.371106 0.000925373
          29    0.372323    0.371148  0.00089388
          30    0.372137    0.371181 0.000864198
          31    0.373141    0.371244 0.000838245
          32    0.373939    0.371328 0.000815984
          33    0.364557    0.371123 0.000817053
          34    0.366549    0.370989 0.000803993
          35     0.37874     0.37121 0.000811491
          36    0.369146    0.371153  0.00079071
          37    0.361448    0.370891 0.000812538
          38    0.379936    0.371129 0.000825914
          39    0.372522    0.371164 0.000805251
          40    0.369962    0.371134 0.000785437
          41    0.380085    0.371353 0.000796539
          42    0.370482    0.371332 0.000777618
          43    0.374688     0.37141  0.00076332
          44    0.369439    0.371365 0.000747114
          45    0.372624    0.371393 0.000730859
          46    0.382665    0.371638 0.000755629
          47    0.371511    0.371635 0.000739382
          48    0.376597    0.371739 0.000731159
          49    0.367263    0.371647 0.000721883
          50    0.366952    0.371554 0.000713505
          51    0.365666    0.371438 0.000708838
          52     0.37084    0.371427 0.000695169
          53    0.370234    0.371404 0.000682297
          54    0.377255    0.371512 0.000678254
          55    0.372324    0.371527 0.000665972
          56    0.376227    0.371611 0.000659335
          57    0.377069    0.371707 0.000654704
          58    0.373077    0.371731  0.00064375
          59    0.373606    0.371762 0.000633544
          60    0.370638    0.371744 0.000623177
          61    0.367645    0.371676 0.000616548
          62    0.368884    0.371631 0.000608192
          63    0.365326    0.371531 0.000606771
          64    0.371411    0.371529 0.000597218
          65    0.376915    0.371612 0.000593768
          66    0.370271    0.371592 0.000585056
          67    0.375364    0.371648 0.000579001
          68    0.359871    0.371475 0.000596135
          69     0.36676    0.371407 0.000591393
          70    0.366082    0.371331 0.000587827
          71    0.373683    0.371364 0.000580435
          72    0.375304    0.371419 0.000574927
          73    0.379107    0.371524 0.000576696
          74    0.370581    0.371511 0.000568992
          75    0.368554    0.371472 0.000562737
          76    0.374137    0.371507  0.00055639
          77    0.377068    0.371579 0.000553846
          78    0.370543    0.371566  0.00054686
          79    0.365797    0.371493  0.00054481
          80    0.373082    0.371513 0.000538323
          81    0.362614    0.371403 0.000542868
          82    0.376457    0.371464 0.000539738
          83    0.369362    0.371439 0.000533796
          84    0.370973    0.371433 0.000527433
          85    0.367712     0.37139 0.000523026
          86    0.367368    0.371343  0.00051902
          87    0.371457    0.371344 0.000513021
          88    0.369911    0.371328 0.000507419
          89    0.368166    0.371292 0.000502942
          90    0.371772    0.371298 0.000497351
          91    0.370832    0.371293 0.000491882
          92    0.367676    0.371253 0.000488091
          93    0.377521    0.371321 0.000487495
          94     0.36716    0.371276 0.000484307
          95    0.373815    0.371303 0.000479927
          96    0.371656    0.371307 0.000474915
          97    0.374397    0.371339 0.000471072
          98    0.375771    0.371384  0.00046843
          99    0.380815    0.371479 0.000473359
         100    0.367391    0.371438 0.000470382
