           1     5.60313     5.60313           0
           2     5.55133     5.57723   0.0258994
           3      5.4253     5.52659    0.052805
           4     5.55106     5.53271   0.0378367
           5     5.54002     5.53417   0.0293447
           6     5.71765     5.56475    0.038848
           7     5.74445     5.59042   0.0416772
           8     5.41897     5.56899   0.0419769
           9     5.73483     5.58742   0.0413527
          10     5.36857     5.56553   0.0429764
          11      5.7946     5.58636   0.0440999
          12     5.54258     5.58271   0.0404225
          13     5.38679     5.56764   0.0401213
          14     5.34185     5.55151   0.0404952
          15     5.60669     5.55519   0.0378781
          16     5.39929     5.54544   0.0367471
          17     5.64159      5.5511   0.0349781
          18      5.8525     5.56784   0.0369853
          19     5.65377     5.57237   0.0352757
          20     5.55493      5.5715   0.0334768
          21     5.90445     5.58735   0.0355717
          22      5.6349     5.58951   0.0339851
          23     5.49928     5.58559     0.03271
          24     5.88311     5.59798   0.0336817
          25     5.62181     5.59894   0.0323205
          26     5.58424     5.59837   0.0310576
          27     5.68098     5.60143   0.0300414
          28     5.96817     5.61453   0.0317738
          29     5.62163     5.61477   0.0306596
          30      5.7499     5.61928   0.0299604
          31     5.60098     5.61869   0.0289839
          32     5.51081     5.61532   0.0282653
          33     5.65312     5.61646   0.0274193
          34     5.69281     5.61871   0.0266952
          35     5.71806     5.62155   0.0260763
          36     5.70988       5.624   0.0254601
          37     5.57821     5.62276   0.0247933
          38     5.21287     5.61198   0.0264331
          39     5.49684     5.60902   0.0259151
          40     5.71533     5.61168   0.0253983
          41     5.74888     5.61503   0.0249961
          42     5.35938     5.60894   0.0251417
          43     5.59238     5.60856    0.024553
          44     5.53164     5.60681   0.0240521
          45     5.76493     5.61032   0.0237727
          46      6.0226     5.61928   0.0249178
          47     5.34926     5.61354   0.0250496
          48     5.92445     5.62002   0.0253632
          49     5.83579     5.62442   0.0252275
          50     5.53292     5.62259   0.0247855
          51     5.54519     5.62107    0.024342
          52     5.48404     5.61844   0.0240143
          53     5.62567     5.61857   0.0235572
          54     5.45915     5.61562   0.0233046
          55     5.71715     5.61747   0.0229514
          56     5.13589     5.60887   0.0241227
          57     5.52085     5.60732    0.023746
          58     5.59262     5.60707   0.0233344
          59     5.37324     5.60311   0.0232754
          60     5.61682     5.60333   0.0228853
          61     6.05415     5.61073   0.0236893
          62     5.61468     5.61079   0.0233042
          63     5.65096     5.61143   0.0229401
          64     5.84482     5.61507   0.0228714
          65     5.69666     5.61633   0.0225518
          66     5.55558     5.61541   0.0222265
          67     5.42582     5.61258   0.0220744
          68     5.56021     5.61181    0.021761
          69     5.34797     5.60798   0.0217815
          70     5.23419     5.60264   0.0221223
          71     5.62856     5.60301   0.0218115
          72     5.49024     5.60144   0.0215634
          73     5.62587     5.60178   0.0212686
          74     5.72589     5.60346   0.0210462
          75     5.69579     5.60469   0.0208001
          76     5.64069     5.60516   0.0205301
          77     5.52137     5.60407   0.0202909
          78     5.46764     5.60232   0.0201053
          79     5.42344     5.60006   0.0199779
          80     5.63642     5.60051   0.0197318
          81     5.73176     5.60213    0.019554
          82     5.52225     5.60116   0.0193386
          83     5.86796     5.60437   0.0193727
          84     5.47682     5.60285   0.0192008
          85      5.6647     5.60358   0.0189875
          86     5.56439     5.60313    0.018771
          87     5.47936      5.6017   0.0186084
          88      5.7923     5.60387   0.0185228
          89     5.49164     5.60261   0.0183569
          90     5.48956     5.60135   0.0181952
          91     5.55448     5.60084   0.0180015
          92     5.65709     5.60145   0.0178152
          93     5.51851     5.60056   0.0176452
          94     5.71395     5.60176   0.0174981
          95      5.3837     5.59947   0.0174644
          96     5.92673     5.60288   0.0176146
          97     5.54173     5.60225   0.0174434
          98     5.13129     5.59744   0.0179209
          99     5.58903     5.59736   0.0177392
         100     5.63771     5.59776   0.0175655
