-0.158778
-0.208447
-0.275814
-0.32261
-0.378268
-0.418473
-0.416755
-0.39631
-0.417923
-0.422389
-0.3693
-0.382343
-0.378298
-0.293136
-0.322361
-0.353844
-0.341409
-0.333441
-0.387342
-0.390748
-0.341797
-0.368699
-0.322536
-0.357317
-0.397066
-0.348633
-0.396255
-0.352254
-0.414249
-0.376195
-0.347411
-0.314989
-0.353414
-0.334073
-0.34558
-0.30903
-0.37099
-0.430305
-0.419224
-0.422876
-0.370677
-0.371017
-0.37005
-0.426332
-0.359819
-0.301381
-0.368246
-0.371135
-0.373495
-0.389641
-0.390905
-0.40076
-0.357918
-0.305062
-0.370978
-0.415086
-0.42451
-0.40331
-0.462972
-0.456956
-0.42152
-0.44163
-0.4459
-0.40987
-0.450073
-0.375171
-0.412325
-0.386081
-0.459853
-0.468638
-0.513612
-0.492802
-0.378102
-0.362331
-0.400609
-0.410461
-0.477821
-0.459622
-0.497464
-0.464246
-0.450387
-0.386946
-0.40532
-0.382296
-0.345836
-0.348599
-0.350906
-0.345827
-0.373446
-0.364795
-0.383753
-0.376046
-0.343004
-0.300192
-0.311797
-0.348193
-0.30626
-0.366792
-0.347317
-0.389739
-0.362317
-0.369895
-0.340532
-0.368557
-0.367184
-0.301255
-0.386479
-0.405609
-0.418312
-0.411173
-0.445591
-0.417655
-0.380797
-0.389829
-0.422025
-0.449629
-0.439164
-0.417845
-0.384649
-0.405412
-0.420433
-0.408452
-0.398958
-0.384369
-0.373746
-0.337968
-0.322037
-0.369541
-0.376829
-0.430141
-0.432375
-0.415495
-0.386766
-0.461442
-0.3974
-0.384459
-0.372347
-0.37394
-0.375743
-0.346241
-0.419565
-0.429485
-0.42544
-0.405458
-0.446257
-0.448284
-0.393028
-0.369127
-0.386689
-0.338595
-0.371178
-0.463411
-0.460429
-0.412077
-0.471227
-0.471882
-0.450327
-0.420991
-0.439085
-0.400429
-0.437334
-0.46214
-0.402713
-0.441987
-0.402097
-0.373677
-0.424698
-0.452913
-0.512435
-0.469707
-0.464787
-0.441235
-0.474253
-0.39944
-0.373241
-0.401314
-0.375985
-0.332281
-0.306351
-0.360169
-0.350249
-0.436501
-0.451715
-0.361708
-0.329365
-0.365221
-0.349674
-0.371859
-0.377766
-0.450746
-0.509954
-0.505555
-0.445385
-0.413602
-0.417284
-0.417637
-0.407327
-0.363207
-0.442035
-0.432909
-0.362753
-0.36383
-0.391842
-0.412421
-0.431676
-0.444667
-0.391149
-0.416604
-0.429852
-0.428834
-0.434283
-0.424092
-0.405121
-0.356521
-0.365096
-0.386307
-0.445617
-0.464054
-0.419794
-0.451478
-0.430401
-0.459671
-0.446314
-0.489165
-0.499576
-0.423354
-0.455098
-0.356891
-0.354607
-0.376031
-0.376017
-0.324282
-0.334692
-0.343942
-0.317334
-0.421603
-0.39468
-0.385357
-0.396024
-0.323631
-0.374933
-0.405249
-0.398008
-0.378562
-0.353648
-0.376675
-0.35989
-0.352878
-0.345618
-0.414869
-0.393212
-0.40976
-0.360315
-0.356119
-0.36969
-0.372161
-0.341625
-0.361383
-0.378479
-0.406347
-0.346797
-0.399521
-0.348704
-0.349886
-0.352838
-0.43232
-0.380735
-0.385702
-0.3942
-0.40694
-0.412883
-0.433152
-0.41086
-0.44177
-0.440094
-0.401949
-0.396784
-0.402669
-0.372236
-0.452823
-0.473103
-0.442604
-0.43783
-0.493792
-0.501383
-0.473547
-0.466632
-0.493482
-0.459282
-0.422034
-0.389999
-0.409774
-0.377799
-0.351961
-0.383619
-0.436757
-0.418485
-0.413932
-0.385397
-0.404845
-0.367671
-0.307552
-0.372866
-0.343805
-0.351916
-0.333206
-0.37125
-0.392283
-0.388986
-0.384789
-0.391144
-0.395907
-0.407142
-0.387574
-0.396935
-0.392888
-0.393401
-0.358084
-0.321109
-0.354169
-0.336945
-0.36468
-0.301767
-0.297101
-0.32371
-0.344176
-0.350555
-0.346469
-0.360521
-0.366164
-0.345218
-0.370783
-0.365533
-0.310695
-0.369858
-0.414834
-0.400351
-0.354473
-0.323244
-0.367128
-0.398707
-0.356776
-0.42486
-0.468285
-0.464689
-0.418077
-0.448413
-0.417594
-0.432892
-0.511797
-0.458612
-0.488912
-0.489918
-0.478672
-0.469248
-0.445959
-0.445394
-0.432111
-0.412092
-0.462284
-0.506218
-0.468493
-0.464954
-0.387389
-0.399288
-0.401338
-0.345031
-0.298077
-0.380482
-0.31704
-0.374071
-0.373239
-0.28388
-0.351388
-0.380774
-0.371922
-0.356785
-0.347547
-0.394646
-0.380197
-0.358167
-0.360944
-0.375656
-0.390916
-0.33039
-0.341999
-0.325935
-0.406901
-0.430099
-0.467168
-0.380063
-0.439929
-0.431605
-0.419585
-0.348124
-0.349756
-0.371143
-0.390492
-0.333341
-0.434448
-0.434342
-0.468998
-0.486096
-0.438519
-0.465631
-0.412041
-0.3792
-0.295142
-0.295461
-0.333164
-0.405573
-0.381811
-0.433751
-0.403833
-0.402837
-0.403133
-0.344442
-0.379195
-0.374732
-0.360985
-0.412187
-0.411068
-0.384383
-0.414886
-0.427572
-0.449385
-0.426572
-0.417746
-0.44669
-0.518901
-0.536601
-0.485499
-0.512422
-0.415308
-0.471988
-0.494581
-0.489263
-0.455911
-0.459712
-0.506937
-0.46592
-0.484552
-0.426773
-0.440775
-0.413265
-0.429738
-0.449648
-0.371346
-0.444909
-0.461424
-0.475707
-0.516308
-0.493299
-0.453304
-0.43972
-0.440036
-0.386168
-0.388467
-0.370792
-0.439999
-0.390945
-0.406605
-0.423652
-0.360963
-0.382234
-0.383197
-0.422075
-0.369098
-0.393016
-0.355795
-0.36524
-0.434932
-0.420097
-0.442019
-0.435929
-0.452108
-0.406427
-0.354212
-0.386661
-0.401856
-0.395471
-0.401904
-0.390512
-0.348417
-0.313689
-0.390114
-0.3434
-0.368482
-0.375634
-0.35251
-0.357034
-0.378769
-0.416259
-0.370068
-0.429771
-0.443617
-0.392233
-0.443817
-0.456207
-0.459172
-0.443072
-0.4552
-0.423719
-0.430805
-0.43725
-0.418382
-0.433365
-0.495327
-0.533989
-0.45224
-0.436443
-0.429697
-0.406042
-0.419739
-0.393703
-0.407902
-0.425193
-0.463932
-0.478571
-0.465524
-0.445439
-0.466168
-0.459979
-0.412642
-0.412099
-0.422872
-0.467352
-0.44159
-0.422348
-0.471111
-0.497155
-0.46969
-0.486826
-0.428044
-0.474932
-0.431458
-0.425674
-0.402557
-0.394127
-0.357066
-0.351541
-0.368404
-0.371614
-0.366775
-0.404264
-0.384912
-0.39875
-0.367277
-0.422576
-0.419366
-0.404868
-0.309743
-0.355088
-0.315386
-0.411724
-0.423685
-0.402482
-0.413338
-0.350478
-0.350084
-0.380238
-0.410916
-0.511027
-0.500678
-0.466208
-0.418268
-0.403937
-0.419357
-0.4512
-0.424644
-0.429809
-0.371363
-0.398327
-0.404027
-0.368227
-0.342858
-0.363217
-0.354586
-0.315181
-0.326422
-0.353917
-0.369959
-0.365377
-0.407184
-0.382314
-0.357574
-0.383398
-0.326252
-0.370239
-0.414594
-0.398831
-0.34714
-0.413262
-0.443493
-0.426529
-0.402267
-0.387392
-0.499469
-0.478547
-0.465641
-0.415403
-0.410126
-0.501054
-0.450998
-0.411595
-0.421963
-0.386024
-0.39538
-0.41934
-0.419593
-0.454909
-0.458092
-0.439622
-0.429118
-0.413237
-0.471883
-0.437072
-0.393903
-0.413203
-0.436656
-0.419538
-0.417221
-0.414127
-0.426346
-0.4224
-0.387145
-0.430445
-0.436519
-0.382366
-0.413818
-0.370792
-0.412063
-0.424496
-0.4091
-0.340717
-0.414093
-0.343726
-0.365595
-0.434374
-0.36061
-0.363421
-0.383236
-0.430647
-0.466759
-0.441221
-0.419346
-0.427092
-0.385221
-0.395382
-0.408744
-0.439087
-0.520942
-0.425704
-0.464215
-0.480317
-0.406473
-0.368329
-0.398985
-0.453392
-0.463121
-0.458253
-0.433945
-0.447778
-0.437147
-0.491476
-0.502034
-0.470954
-0.454565
-0.427061
-0.468029
-0.482988
-0.491569
-0.533606
-0.511309
-0.545964
-0.486882
-0.468151
-0.438019
-0.484846
-0.383094
-0.448198
-0.470024
-0.455693
-0.41051
-0.419773
-0.489649
-0.47597
-0.467815
-0.436677
-0.492429
-0.502567
-0.437462
-0.483465
-0.45729
-0.495018
-0.46625
-0.436413
-0.490062
-0.505851
-0.482469
-0.416596
-0.465469
-0.463656
-0.41206
-0.445936
-0.404133
-0.410397
-0.431308
-0.498127
-0.519523
-0.489272
-0.408084
-0.335382
-0.389368
-0.387883
-0.402754
-0.390962
-0.419677
-0.433881
-0.412901
-0.389482
-0.405427
-0.408404
-0.41799
-0.341811
-0.367943
-0.370862
-0.436284
-0.439303
-0.429623
-0.442461
-0.379659
-0.383107
-0.391074
-0.364046
-0.42463
-0.344863
-0.371519
-0.414214
-0.378821
-0.381616
-0.343109
-0.336623
-0.358769
-0.35536
-0.390183
-0.455787
-0.478031
-0.413226
-0.447688
-0.46192
-0.427965
-0.454338
-0.425015
-0.3494
-0.37783
-0.345874
-0.336957
-0.333522
-0.302793
-0.358683
-0.417548
-0.386019
-0.397492
-0.393951
-0.379239
-0.426226
-0.383546
-0.363193
-0.410672
-0.388991
-0.39221
-0.397597
-0.398577
-0.428074
-0.414778
-0.420747
-0.475296
-0.463908
-0.403111
-0.397276
-0.391621
-0.405497
-0.406522
-0.426391
-0.412211
-0.366371
-0.410181
-0.370538
-0.359869
-0.331501
-0.372564
-0.333172
-0.376836
-0.412662
-0.387155
-0.40663
-0.356211
-0.393182
-0.336103
-0.355832
-0.364232
-0.380604
-0.426565
-0.389783
-0.37832
-0.380913
-0.430151
-0.454068
-0.383769
-0.381165
-0.328425
-0.366186
-0.386175
-0.355032
-0.365534
-0.366685
-0.423574
-0.415627
-0.413096
-0.406983
-0.344273
-0.362578
-0.361216
-0.382297
-0.413044
-0.390236
-0.378823
-0.364236
-0.372574
-0.369783
-0.361912
-0.438423
-0.354047
-0.352561
-0.364654
-0.361725
-0.372645
-0.354238
-0.317459
-0.328927
-0.332744
-0.401155
-0.392797
-0.375657
-0.416818
-0.421527
-0.41139
-0.451507
-0.432002
-0.405578
-0.38143
-0.31211
-0.350383
-0.423844
-0.393391
-0.35011
-0.384072
-0.415513
-0.361915
-0.394839
-0.432431
-0.418313
-0.436854
-0.430734
-0.420089
-0.387185
-0.338212
-0.362092
-0.406631
-0.449378
-0.392982
-0.414625
-0.411082
-0.444842
-0.452546
-0.439621
-0.400093
-0.408703
-0.393279
-0.359386
-0.402839
-0.422168
-0.398576
-0.360042
-0.34763
-0.434496
-0.455614
-0.447451
-0.411552
-0.363353
-0.356536
-0.329479
-0.325605
-0.385632
-0.365584
-0.324002
-0.341733
-0.412339
-0.40167
-0.396197
-0.341975
-0.404376
-0.360858
-0.37988
-0.384644
-0.452754
-0.444348
-0.407988
-0.372353
-0.352449
-0.338065
-0.33624
-0.380901
-0.367629
-0.388521
-0.390347
-0.450688
-0.467196
-0.492276
-0.456979
-0.419442
-0.408787
-0.390446
-0.388877
-0.448055
-0.440018
-0.3882
-0.388628
-0.369422
-0.39551
-0.382772
-0.373958
-0.390278
-0.408122
-0.43711
-0.386594
-0.439379
-0.468023
-0.433887
-0.436968
-0.440762
-0.409549
-0.400745
-0.415448
-0.432032
-0.370884
-0.384185
-0.35495
-0.372179
-0.429474
-0.407212
-0.378301
-0.372615
-0.368914
-0.351524
-0.367035
-0.384712
-0.323458
-0.327152
-0.362448
-0.391146
-0.356717
-0.353522
-0.403277
-0.457571
-0.353452
-0.336355
-0.349632
-0.342733
-0.335786
-0.377588
-0.354683
-0.378056
-0.414265
-0.344991
-0.310919
-0.33551
-0.328274
-0.396209
-0.362874
-0.41361
-0.468012
-0.369722
-0.407057
-0.370981
-0.435922
-0.432577
-0.460002
-0.424676
-0.46178
-0.442014
-0.500466
-0.444468
-0.43985
-0.427591
-0.43452
-0.34914
-0.367163
-0.358418
