           1   -0.412132   -0.412132           0
           2   -0.406242   -0.409187  0.00294498
           3   -0.412361   -0.410245  0.00200265
           4    -0.41514   -0.411469   0.0018716
           5   -0.413009   -0.411777  0.00148208
           6   -0.411833   -0.411786  0.00121015
           7   -0.412452   -0.411881  0.00102719
           8   -0.406371   -0.411192  0.00112507
           9   -0.413284   -0.411425  0.00101906
          10   -0.412457   -0.411528   0.0009173
          11   -0.410084   -0.411397 0.000840043
          12   -0.418529   -0.411991 0.000970196
          13   -0.412965   -0.412066 0.000895591
          14     -0.4023   -0.411368  0.00108358
          15   -0.417124   -0.411752  0.00107928
          16   -0.418073   -0.412147   0.0010841
          17   -0.414974   -0.412313  0.00103182
          18   -0.417749   -0.412615  0.00101861
          19   -0.422622   -0.413142  0.00109806
          20   -0.411034   -0.413037  0.00104702
          21   -0.417632   -0.413256  0.00101968
          22   -0.407426   -0.412991  0.00100768
          23   -0.428239   -0.413654  0.00116904
          24   -0.406022   -0.413336  0.00116356
          25   -0.416422   -0.413459  0.00112286
          26   -0.408157   -0.413255  0.00109791
          27   -0.417232   -0.413402  0.00106668
          28    -0.40664   -0.413161  0.00105587
          29   -0.420115   -0.413401  0.00104665
          30   -0.420555   -0.413639  0.00103891
          31    -0.40793   -0.413455  0.00102157
          32   -0.417271   -0.413574 0.000996297
          33   -0.419232   -0.413746 0.000980736
          34   -0.425119    -0.41408  0.00100855
          35   -0.407919   -0.413904 0.000995004
          36   -0.411138   -0.413827 0.000970018
          37   -0.412554   -0.413793 0.000944065
          38   -0.419434   -0.413941   0.0009308
          39   -0.416736   -0.414013 0.000909447
          40   -0.411944   -0.413961 0.000887928
          41    -0.41384   -0.413958 0.000866005
          42   -0.409428    -0.41385  0.00085199
          43   -0.415738   -0.413894 0.000833098
          44   -0.412741   -0.413868 0.000814366
          45   -0.421034   -0.414027 0.000811834
          46   -0.417635   -0.414106 0.000797853
          47   -0.415444   -0.414134 0.000781212
          48   -0.416495   -0.414184 0.000766344
          49   -0.414763   -0.414195 0.000750634
          50   -0.418043   -0.414272 0.000739484
          51   -0.418867   -0.414362 0.000730416
          52   -0.407803   -0.414236 0.000727254
          53   -0.413507   -0.414222 0.000713533
          54   -0.418763   -0.414307 0.000705225
          55   -0.406458   -0.414164 0.000706838
          56   -0.419462   -0.414258 0.000700519
          57   -0.414903    -0.41427 0.000688212
          58   -0.421098   -0.414388 0.000686413
          59   -0.409745   -0.414309 0.000679252
          60   -0.400205   -0.414074 0.000707997
          61   -0.415687     -0.4141 0.000696796
          62    -0.42172   -0.414223 0.000696394
          63   -0.420882   -0.414329 0.000693355
          64    -0.40724   -0.414218 0.000691366
          65   -0.425142   -0.414386 0.000701088
          66   -0.410211   -0.414323 0.000693277
          67   -0.410116    -0.41426 0.000685731
          68   -0.422111   -0.414375 0.000685365
          69   -0.419684   -0.414452 0.000679727
          70   -0.420677   -0.414541 0.000675822
          71   -0.415489   -0.414555 0.000666369
          72   -0.417847     -0.4146 0.000658638
          73   -0.419071   -0.414662 0.000652433
          74   -0.416439   -0.414686 0.000644004
          75   -0.417175   -0.414719 0.000636226
          76   -0.420857     -0.4148 0.000632972
          77   -0.416722   -0.414825 0.000625196
          78   -0.408768   -0.414747 0.000621995
          79   -0.412479   -0.414718 0.000614742
          80   -0.410439   -0.414665 0.000609361
          81   -0.415019   -0.414669 0.000601807
          82   -0.411592   -0.414632 0.000595606
          83   -0.418103   -0.414673  0.00058987
          84    -0.41382   -0.414663 0.000582894
          85   -0.420458   -0.414731 0.000580017
          86   -0.420267   -0.414796 0.000576836
          87   -0.420422    -0.41486 0.000573823
          88   -0.415059   -0.414863 0.000567269
          89   -0.410834   -0.414817 0.000562683
          90   -0.419488   -0.414869 0.000558811
          91   -0.409725   -0.414813 0.000555521
          92   -0.410646   -0.414768 0.000551313
          93   -0.411019   -0.414727  0.00054684
          94   -0.419716    -0.41478 0.000543588
          95   -0.421813   -0.414854 0.000542906
          96   -0.407908   -0.414782 0.000542071
          97   -0.411721    -0.41475 0.000537381
          98   -0.414294   -0.414746  0.00053189
          99   -0.412099   -0.414719 0.000527168
         100   -0.414185   -0.414714 0.000521897
