           1   0.0562117   0.0562117           0
           2   0.0563891   0.0563004 8.87103e-05
           3   0.0563975   0.0563328 6.05948e-05
           4   0.0562931   0.0563229 4.39813e-05
           5   0.0563235    0.056323  3.4068e-05
           6   0.0563446   0.0563266 2.80479e-05
           7   0.0563497   0.0563299  2.3934e-05
           8   0.0564545   0.0563455 2.59258e-05
           9   0.0562701   0.0563371 2.43515e-05
          10   0.0563108   0.0563345 2.19386e-05
          11   0.0565177   0.0563511 2.59087e-05
          12   0.0563128   0.0563479 2.38659e-05
          13   0.0563656   0.0563493 2.19955e-05
          14   0.0564134   0.0563539 2.08725e-05
          15   0.0563425   0.0563531 1.94459e-05
          16   0.0562142   0.0563444 2.01559e-05
          17   0.0562637   0.0563397 1.95191e-05
          18    0.056332   0.0563393 1.84077e-05
          19   0.0563134   0.0563379  1.7465e-05
          20   0.0562461   0.0563333 1.71924e-05
          21   0.0562163   0.0563277 1.72767e-05
          22   0.0564662    0.056334  1.7635e-05
          23   0.0562778   0.0563316  1.7027e-05
          24    0.056446   0.0563363 1.69845e-05
          25   0.0563915   0.0563386 1.64396e-05
          26   0.0563681   0.0563397 1.58354e-05
          27    0.056154   0.0563328 1.67178e-05
          28    0.056396   0.0563351  1.6267e-05
          29   0.0562317   0.0563315 1.60957e-05
          30   0.0564186   0.0563344 1.58185e-05
          31   0.0562791   0.0563326 1.54032e-05
          32   0.0562983   0.0563316 1.49526e-05
          33   0.0562382   0.0563287 1.47659e-05
          34   0.0563142   0.0563283 1.43314e-05
          35   0.0564009   0.0563304 1.40699e-05
          36   0.0561505   0.0563254 1.45575e-05
          37    0.056444   0.0563286 1.45168e-05
          38   0.0561809   0.0563247  1.4654e-05
          39   0.0563868   0.0563263 1.43619e-05
          40   0.0563891   0.0563279  1.4086e-05
          41   0.0564944   0.0563319  1.4326e-05
          42   0.0563721   0.0563329 1.40134e-05
          43   0.0563993   0.0563344 1.37706e-05
          44   0.0563683   0.0563352  1.3476e-05
          45   0.0564109   0.0563369 1.32801e-05
          46   0.0561904   0.0563337 1.33728e-05
          47   0.0563813   0.0563347 1.31243e-05
          48   0.0563771   0.0563356 1.28782e-05
          49   0.0564577   0.0563381 1.28564e-05
          50    0.056333    0.056338  1.2597e-05
          51    0.056345   0.0563381 1.23483e-05
          52   0.0562889   0.0563372 1.21455e-05
          53   0.0563423   0.0563373 1.19145e-05
          54   0.0562914   0.0563364 1.17226e-05
          55   0.0565932   0.0563411 1.24188e-05
          56   0.0561828   0.0563383 1.25183e-05
          57   0.0563085   0.0563377 1.23078e-05
          58   0.0562137   0.0563356 1.22814e-05
          59   0.0564537   0.0563376 1.22363e-05
          60   0.0565158   0.0563406 1.23916e-05
          61   0.0563362   0.0563405  1.2187e-05
          62   0.0562534   0.0563391 1.20709e-05
          63   0.0562469   0.0563376 1.19676e-05
          64   0.0564526   0.0563394 1.19154e-05
          65     0.05613   0.0563362 1.21651e-05
          66   0.0563457   0.0563363 1.19802e-05
          67   0.0561905   0.0563342  1.1999e-05
          68    0.056239   0.0563328 1.19039e-05
          69   0.0563341   0.0563328 1.17301e-05
          70   0.0562161   0.0563311 1.16808e-05
          71   0.0563575   0.0563315 1.15211e-05
          72   0.0563686    0.056332 1.13716e-05
          73   0.0562619    0.056331 1.12559e-05
          74   0.0565807   0.0563344 1.16041e-05
          75   0.0563208   0.0563342 1.14497e-05
          76   0.0562685   0.0563334 1.13312e-05
          77   0.0562781   0.0563327  1.1206e-05
          78   0.0563854   0.0563333 1.10821e-05
          79   0.0563561   0.0563336 1.09447e-05
          80   0.0562153   0.0563321 1.09078e-05
          81   0.0562373    0.056331 1.08358e-05
          82   0.0563573   0.0563313 1.07077e-05
          83   0.0562086   0.0563298 1.06807e-05
          84   0.0563475     0.05633 1.05549e-05
          85   0.0564078   0.0563309   1.047e-05
          86   0.0562464     0.05633 1.03941e-05
          87   0.0563644   0.0563304 1.02816e-05
          88   0.0564115   0.0563313 1.02059e-05
          89   0.0561584   0.0563293 1.02758e-05
          90   0.0562177   0.0563281 1.02364e-05
          91   0.0563391   0.0563282  1.0124e-05
          92   0.0563831   0.0563288 1.00311e-05
          93   0.0563967   0.0563295 9.94946e-06
          94    0.056234   0.0563285  9.8954e-06
          95   0.0564282   0.0563296 9.84675e-06
          96   0.0562341   0.0563286 9.79429e-06
          97   0.0564576   0.0563299 9.78359e-06
          98   0.0562685   0.0563293 9.70348e-06
          99    0.056342   0.0563294 9.60582e-06
         100   0.0564049   0.0563302 9.53917e-06
