0.0569834
0.055282
0.0578843
0.0584601
0.0552671
0.057433
0.0537542
0.0595585
0.0583469
0.0588346
0.057529
0.0568557
0.060663
0.0604922
0.057109
0.0579724
0.0565929
0.0572705
0.0549204
0.0551472
0.0552249
0.0579747
0.0541253
0.0556652
0.0569585
0.0546894
0.0548988
0.0572795
0.0562425
0.0540646
0.0597331
0.0644567
0.0575837
0.0567847
0.0542313
0.0605593
0.0570043
0.0519604
0.0545719
0.0617583
0.0562097
0.0570331
0.0584631
0.0512885
0.0604493
0.0688483
0.0578144
0.0588677
0.0571505
0.0535892
0.0598614
0.0549509
0.0576743
0.062961
0.0599254
0.0548793
0.0542288
0.05548
0.0548045
0.0555914
0.0560422
0.0538854
0.054181
0.0547891
0.0547728
0.0570515
0.0563666
0.0598186
0.0586285
0.0541499
0.0532036
0.0525015
0.0592021
0.0584663
0.0569375
0.055028
0.0546916
0.0600311
0.0608119
0.0563884
0.0569289
0.0572813
0.0552835
0.0561061
0.0605646
0.0587452
0.0581272
0.0572881
0.0574461
0.0573607
0.055211
0.0536894
0.0541107
0.0563929
0.0556732
0.0552904
0.0614435
0.0558132
0.0583048
0.0571153
0.0588321
0.0557631
0.0560018
0.0547949
0.0557749
0.0559869
0.0527194
0.0540826
0.0549503
0.0598302
0.0554665
0.0575466
0.0578017
0.0554813
0.0550544
0.0533219
0.0552881
0.0551441
0.0537764
0.0544549
0.0553331
0.0585079
0.0574332
0.05779
0.0615287
0.0578022
0.0564481
0.058022
0.0617094
0.0595127
0.0619134
0.0585092
0.0580605
0.0518133
0.0581677
0.060471
0.0566431
0.0545195
0.0565676
0.0613274
0.0633021
0.0569221
0.055789
0.056757
0.0546683
0.0536392
0.0562156
0.055721
0.056671
0.059091
0.0593195
0.0541486
0.051542
0.0551028
0.0575962
0.0602334
0.0565253
0.0578824
0.0536684
0.0530308
0.053814
0.0563386
0.054702
0.0587844
0.0518829
0.0543279
0.0517188
0.0528164
0.055049
0.0551176
0.0565106
0.0564885
0.0549809
0.0555143
0.0580106
0.0582953
0.0552086
0.0561097
0.06236
0.0583483
0.0580826
0.0563958
0.0582869
0.059139
0.0623547
0.0606732
0.0612053
0.0593526
0.0577237
0.0565528
0.0559181
0.0554468
0.0537386
0.0537561
0.0537829
0.0562955
0.0571556
0.0568646
0.0557907
0.0579244
0.0564392
0.0558836
0.0531421
0.0568199
0.057834
0.0593204
0.0595522
0.0536312
0.053767
0.0532419
0.0588129
0.0559328
0.05638
0.0558144
0.0585594
0.0596602
0.0561527
0.0569789
0.060239
0.0592247
0.0531022
0.0536498
0.0617887
0.0577401
0.0611484
0.0572336
0.0547628
0.0571628
0.0548777
0.0540806
0.054565
0.0552545
0.0566506
0.0580099
0.0572566
0.0549904
0.0584434
0.0552187
0.057591
0.0593789
0.0540207
0.0532695
0.0538747
0.0543079
0.0535998
0.0566817
0.058245
0.0588891
0.0614952
0.0536042
0.0591271
0.0570766
0.052396
0.0545723
0.0528005
0.0538357
0.0544271
0.0542609
0.0540519
0.053569
0.0563627
0.0553325
0.0550893
0.0544389
0.0605191
0.0587711
0.0630759
0.0600512
0.0546769
0.0577125
0.0542465
0.0560713
0.0597034
0.0568054
0.0630269
0.0546621
0.0554913
0.0561947
0.0557451
0.055165
0.0575286
0.0571762
0.0553227
0.0525808
0.0537331
0.0551689
0.0559101
0.0545637
0.0530944
0.055789
0.058599
0.0556988
0.0550187
0.0568449
0.0559759
0.0556004
0.0545707
0.0562901
0.056758
0.0551619
0.0562503
0.0570816
0.0535397
0.0551073
0.0561734
0.0533221
0.0558835
0.0565597
0.0537114
0.0585149
0.0584848
0.0550971
0.0575393
0.0551332
0.0552752
0.0538367
0.0519276
0.0538654
0.0535954
0.0595564
0.0575714
0.0550625
0.0594054
0.0600625
0.0563809
0.0549668
0.0532174
0.0538887
0.0554688
0.0581003
0.0586259
0.0580232
0.0624824
0.065446
0.0600025
0.0543596
0.0518994
0.0564667
0.0577493
0.05792
0.0531141
0.0568163
0.0532793
0.0534462
0.0577396
0.0587878
0.0576187
0.0587949
0.0616979
0.0535121
0.0526408
0.0549186
0.0532296
0.0524813
0.0525114
0.0518376
0.0508836
0.0536825
0.0550681
0.05373
0.0520273
0.0568277
0.0577245
0.0582339
0.0579122
0.0595157
0.0610401
0.0683839
0.0557363
0.0583333
0.0541428
0.053445
0.0658207
0.0585093
0.0528311
0.0519819
0.0557822
0.0535082
0.0544101
0.0556735
0.0559123
0.0557478
0.0573549
0.0549802
0.054679
0.052986
0.0537142
0.0568971
0.0588129
0.058758
0.0617528
0.0536746
0.0536617
0.0541316
0.0552054
0.0557438
0.0587216
0.0574554
0.0574136
0.0536599
0.0571432
0.0571255
0.058297
0.0572292
0.0550532
0.0575722
0.0561141
0.0602664
0.0607763
0.0668503
0.0572679
0.0575163
0.056972
0.0558071
0.0538748
0.056625
0.0572056
0.0560383
0.0538082
0.0570335
0.0551206
0.057444
0.0579918
0.0565881
0.0570721
0.0555437
0.0599964
0.0620833
0.0619377
0.0551924
0.055726
0.0567749
0.0565764
0.0621822
0.0513837
0.050883
0.0560648
0.0576947
0.0555203
0.0550758
0.051822
0.0549722
0.0538656
0.0551906
0.0595225
0.0561797
0.0605521
0.0671196
0.0638899
0.0665021
0.0592747
0.0538985
0.0529857
0.0554442
0.0540738
0.0573398
0.0586191
0.0625843
0.0581281
0.0525921
0.0537514
0.0551801
0.0547943
0.0542508
0.0536972
0.0564258
0.0624064
0.0586015
0.0575514
0.0544891
0.0587529
0.0550723
0.0534752
0.058677
0.0539966
0.053631
0.0600457
0.059648
0.0577062
0.0562461
0.0568143
0.0532848
0.0592964
0.0608097
0.0574885
0.0575621
0.0556763
0.0545945
0.0581016
0.0572154
0.0573315
0.0548366
0.0556461
0.0632946
0.0567836
0.0569995
0.0565441
0.0571345
0.0543959
0.0541126
0.0578296
0.059472
0.0605971
0.0551641
0.0555673
0.0601888
0.060399
0.0566372
0.0560963
0.0565686
0.0584674
0.0577784
0.0545606
0.0557676
0.0565885
0.0551809
0.0511566
0.0542875
0.0539895
0.0537828
0.0559273
0.0549396
0.0554697
0.0587944
0.0571042
0.0620197
0.0549291
0.0568696
0.0532742
0.0531467
0.0558825
0.0568284
0.0521237
0.0563877
0.0565252
0.0608
0.053014
0.0551972
0.0576346
0.0569125
0.054654
0.0524685
0.0539656
0.0578682
0.0565651
0.0556457
0.0568125
0.0565005
0.0515523
0.0538925
0.0528894
0.0584484
0.0542342
0.0617485
0.0561992
0.0516954
0.0545237
0.0583699
0.057867
0.0579497
0.0590494
0.0576511
0.0584162
0.057708
0.0531135
0.0542424
0.0568119
0.0549426
0.0546848
0.0559873
0.0547755
0.0568177
0.0535097
0.0547277
0.0536991
0.0549706
0.0528807
0.0563835
0.0588209
0.0595429
0.0575279
0.0568091
0.059471
0.0564076
0.0565992
0.0585743
0.0542636
0.0583435
0.0553263
0.0546239
0.0552256
0.0580337
0.0586593
0.0589232
0.0546915
0.0563544
0.0624728
0.0572275
0.0601321
0.0564466
0.0635673
0.0610093
0.0554889
0.0569189
0.0534753
0.0590676
0.0619816
0.0573601
0.0538257
0.0536368
0.0512866
0.0520419
0.0540396
0.0538988
0.0565771
0.0547981
0.0524837
0.0613565
0.0555484
0.0599939
0.0599471
0.0617137
0.0570801
0.057958
0.0543471
0.0622958
0.0554666
0.0538242
0.05456
0.0556119
0.0569413
0.0547693
0.0554002
0.0575092
0.0581255
0.0536197
0.0581398
0.0583658
0.0531828
0.0549873
0.0561955
0.0528047
0.0543894
0.0601342
0.0602882
0.0607967
0.057731
0.0562205
0.0573692
0.0557054
0.0578235
0.0557181
0.0585884
0.0555307
0.0531752
0.0593641
0.0550783
0.0569815
0.0537098
0.0534407
0.053407
0.0604422
0.0535631
0.0540898
0.0565671
0.0521344
0.0568956
0.0553142
0.0632221
0.0560457
0.0539996
0.0538017
0.0526488
0.0546687
0.0564497
0.0544579
0.0572374
0.0564708
0.0560919
0.0632748
0.055494
0.055187
0.0547209
0.059891
0.0558204
0.0554202
0.0565405
0.0555627
0.0577574
0.0577546
0.0556497
0.0582251
0.0510682
0.0520677
0.0575039
0.0593029
0.0588097
0.0551334
0.0564849
0.0537249
0.0509717
0.0543993
0.0542379
0.0591549
0.0570956
0.0584015
0.0597202
0.0601475
0.0582298
0.0551531
0.0529079
0.0541856
0.0591394
0.0549854
0.0591149
0.0562222
0.0555257
0.0556815
0.0565599
0.0586179
0.0612747
0.0586527
0.0605133
0.0599584
0.0563794
0.0561195
0.056243
0.0542999
0.0597674
0.05896
0.059257
0.0576492
0.0537125
0.0575606
0.0582731
0.052956
0.0559258
0.0544382
0.0540432
0.0578497
0.0569873
0.0583342
0.059183
0.0607293
0.059963
0.055733
0.0557841
0.0537384
0.0534893
0.0535996
0.0542365
0.0561886
0.0541259
0.0531841
0.0557086
0.0553571
0.0555799
0.0542827
0.0589122
0.0573367
0.0573503
0.054603
0.0545096
0.0544301
0.0573036
0.0585309
0.0554176
0.0566104
0.0576319
0.0566199
0.0560705
0.0557115
0.0540557
0.0559482
0.0562926
0.0602663
0.063447
0.0555848
0.0585994
0.0566966
0.0533878
0.0533479
0.0534839
0.0597835
0.0584027
0.0591064
0.0577087
0.054044
0.056317
0.0564699
0.0559561
0.0552696
0.0577162
0.0549133
0.0557638
0.0567328
0.0611992
0.0563032
0.0542718
0.0612143
0.0566727
0.0585544
0.0573861
0.0534915
0.0558647
0.0532931
0.0546948
0.0551604
0.0525978
0.0549903
0.0596012
0.0570079
0.0548375
0.0570596
0.0540171
0.0547788
0.0562574
0.0538624
0.0534813
0.0546423
0.0566712
0.0570223
0.0525214
0.0556968
0.0556662
0.0552617
0.0538731
0.0544309
0.0561524
0.0573923
0.0557558
0.0563155
0.053999
0.0551545
0.0558196
0.0565553
0.0569907
0.0563079
0.0563401
0.0534289
0.0570916
0.0591626
0.0555687
0.0569583
0.0555303
0.0574032
0.0552129
0.0543379
0.0547982
0.0599657
0.058611
0.0561832
0.055387
0.057128
0.053743
0.0568877
0.0553946
0.0556952
0.0561782
0.0622395
0.0577131
0.0561908
0.0563539
0.0551272
0.0543759
0.0527615
0.0540006
0.0576669
0.0599576
0.0575543
0.0578015
0.0566719
0.053906
0.055603
0.0540132
0.053681
0.0573432
0.0547585
0.0548056
0.0555895
0.0537777
0.055376
0.0560132
0.0562262
0.0619572
0.0546441
0.0532225
0.0551247
0.0561831
0.0526865
0.0542048
0.0555813
0.0621369
0.0548535
0.0542865
0.0542036
0.0537164
0.0528598
0.0538962
0.0538298
0.0548743
0.0573348
0.0543416
0.0565095
0.0552472
0.0559778
0.0541491
0.0568689
0.056771
0.0549352
0.0561836
0.0578495
0.0611588
0.0560738
0.052966
0.052912
0.0576949
0.0544516
0.054207
0.0548221
0.0548534
0.0606521
0.0589942
0.0577814
0.0569918
0.053725
0.0532486
0.0539699
0.0545036
0.05624
0.0532869
0.0529463
0.05452
0.0566585
0.0576775
0.0558965
0.0537147
0.0538508
0.0549681
0.0559716
0.0554487
0.0595159
0.0555566
0.0530237
0.0551214
0.0527178
0.0563349
0.054446
0.0531515
0.0557831
0.0574984
0.0548735
0.0528796
0.052423
0.0526501
0.0600174
0.0540821
0.0541911
0.0580071
0.0563381
0.0570286
0.0560813
0.0598612
0.0572936
0.0547273
0.0580453
0.0604477
0.0625055
0.0575005
0.0582887
0.0567281
0.057398
0.057804
0.0583346
0.0559058
0.0560837
0.0563551
0.0572006
0.0589867
0.0576114
0.0596689
0.0538711
0.055401
0.0615213
0.0635782
0.0660554
0.0554777
0.0551972
0.0579154
0.0610866
0.0622898
0.0575882
0.0558542
0.0549186
0.0561929
0.0560424
0.0585209
0.062825
0.0581487
0.0560256
