15.5364
14.8829
14.15
13.1459
12.6339
12.2977
11.8962
11.8351
11.5021
11.3885
11.2532
10.8805
10.453
10.2865
10.3644
9.76538
9.60145
9.46096
9.26302
9.25579
8.94442
8.89284
8.77246
8.72725
8.71131
8.56882
8.66161
8.6118
8.5087
8.30997
8.21868
8.1397
7.91778
7.91532
7.8928
7.85946
7.79726
7.78146
7.7705
7.53766
7.45503
7.53704
7.50558
7.3632
7.39888
7.41901
7.3066
7.22639
7.10867
7.20446
6.95048
6.92784
6.9551
6.8756
6.97324
6.90975
6.85931
6.92933
7.12511
6.99006
6.92834
6.81907
6.87776
6.95654
6.98062
6.91841
6.9263
6.9613
7.0189
6.79726
6.65614
6.58127
6.517
6.42949
6.28232
6.68566
6.51969
6.62656
6.65526
6.62885
6.59289
6.27035
6.14904
5.95375
6.00447
6.22112
6.12604
6.01565
6.1988
6.27305
6.30029
6.26423
6.38372
5.99388
5.98471
5.98086
6.0781
6.44783
6.37805
6.19733
6.28503
6.15801
6.34223
6.43657
6.28552
6.20834
6.2148
6.333
6.24251
6.31325
6.18342
6.11603
6.04195
6.05625
6.0667
6.34455
6.53411
6.31977
6.26145
6.26877
6.12025
6.21877
5.89264
5.90614
5.78402
5.86512
5.93507
5.9997
6.00409
5.95455
5.8783
6.04454
5.90223
5.73605
5.87933
5.88664
5.99289
5.98587
5.86998
6.02937
5.93873
5.83019
5.85289
5.89971
6.19702
5.91708
6.06898
6.19127
6.21917
5.96109
6.22294
6.26811
6.22035
6.24535
6.19375
6.25531
6.06937
5.79391
6.01242
5.98541
6.0406
6.05247
6.02031
6.06137
6.34528
6.27568
6.19644
6.33761
6.11587
6.12786
6.2544
6.15672
5.9438
5.94557
6.11818
6.20363
6.28081
6.12948
6.06576
6.53742
6.27275
6.09193
5.97772
5.92851
6.03163
6.06366
6.00822
5.96674
6.03591
6.14511
6.27811
6.30465
6.25004
6.06528
6.06086
6.16005
5.97729
5.83636
5.90273
5.99862
5.98788
6.2908
6.05311
5.92858
6.05362
6.39112
6.31969
6.25595
6.37473
6.48841
6.46804
6.62693
6.24572
6.27631
6.25718
6.40851
6.16667
6.23913
6.22087
6.09317
6.29878
6.26606
6.30004
6.02863
5.85745
5.98313
5.76668
5.65831
5.84612
5.89342
6.16094
6.06932
6.03031
5.82606
5.67765
6.24297
6.32146
6.14767
6.28301
6.06694
5.80894
6.01525
6.1719
6.02585
5.79274
5.85162
5.75883
5.97605
5.88941
5.91116
5.93261
5.90008
6.12797
6.19847
6.39778
5.91142
5.73819
5.83222
5.97717
5.96203
6.06869
6.10246
6.06607
6.19968
6.14267
6.10093
6.12081
6.01371
6.06761
6.09328
6.04179
6.12139
6.1443
6.20223
6.0861
6.24028
6.41986
6.24033
6.15189
6.32292
6.18215
6.21112
6.0826
6.13211
6.12458
6.20385
6.28127
6.21801
6.34058
6.21622
5.91856
6.10774
5.92451
6.19557
6.00359
6.18487
5.93192
6.16609
6.01056
5.85969
6.11478
6.19068
6.13491
6.09308
6.24481
6.531
6.41522
6.10761
6.07077
6.01228
5.92831
5.81385
5.89464
6.1179
6.3179
5.99306
6.03938
5.99293
5.94843
6.12322
6.2353
6.19998
6.37236
6.19517
6.34778
6.49768
6.30248
6.32719
6.06101
6.16263
5.99967
5.7788
5.87324
6.00672
6.01761
6.02171
5.74387
5.8923
5.9641
6.014
6.15193
5.94731
5.98846
6.03053
6.08866
6.19758
6.35962
6.35857
6.28945
6.06418
6.03394
5.64072
5.91674
5.78765
6.08731
5.7966
5.9057
6.19113
6.01006
5.87158
6.00042
6.08791
5.72969
5.742
5.94317
5.96291
5.98971
5.92676
5.8652
6.11245
6.10777
5.96141
5.95001
5.9418
5.94059
5.98631
6.0452
6.01496
5.80904
6.25109
5.9599
5.90999
5.72577
5.87656
6.15375
6.19393
5.98226
5.97891
6.03414
6.13382
6.11574
6.05013
5.99287
6.09769
6.0267
6.24309
6.04898
6.17081
6.25857
6.43497
6.21278
6.24783
6.00316
5.91444
5.88848
6.22424
5.88026
5.89198
5.97172
5.7775
5.77836
5.80811
5.77295
5.77589
5.84721
5.97605
6.11218
5.79792
5.63544
5.92952
5.98876
5.95899
5.89225
5.98887
6.16276
5.97182
5.95259
5.95821
5.8814
5.94695
5.8857
5.83677
5.8986
5.96993
5.82507
6.14972
6.34439
6.05335
6.10087
6.09978
6.24808
5.95939
6.29094
6.06022
6.2969
6.18701
5.94247
6.11758
6.19053
6.19485
6.1174
5.84078
5.6755
5.52732
5.75843
5.88442
5.89027
5.77356
5.69212
5.75956
5.79005
5.76305
5.80793
5.61618
5.72635
5.7173
5.8524
6.0255
5.83161
5.86922
5.89558
5.80094
5.83563
5.93649
5.70557
5.59723
5.71016
5.94417
5.97837
5.93721
5.79521
5.9831
5.84359
5.9918
5.77906
5.68077
5.76038
5.85097
5.83432
5.91631
6.13046
6.2888
6.02342
5.77466
5.73049
5.83598
6.05542
5.82956
5.9125
5.90681
