15.4389
14.6888
14.1072
13.3872
12.8453
12.4657
12.2537
11.9393
11.7308
11.7573
11.3313
11.1648
11.0833
11.0796
10.8011
10.6626
10.4127
10.0612
9.87402
9.62607
9.28573
9.04105
8.82468
8.79406
8.71983
8.47571
8.3943
8.28971
8.2315
8.23579
8.2117
8.22671
8.19054
8.28965
8.11964
8.07501
8.11947
7.95593
7.80051
7.74102
7.75206
7.57531
7.6168
7.85738
7.66685
7.57978
7.62524
7.58559
7.58352
7.58415
7.70225
7.82475
7.75171
7.60116
7.25639
7.07029
7.02356
7.00663
7.0857
7.03774
7.00021
6.97267
6.95305
6.98252
7.03063
6.88175
6.98573
7.00964
7.01996
7.00847
7.04973
7.05206
7.23871
7.1784
7.27126
6.82767
6.67548
6.6519
6.76502
6.55296
6.59889
6.8116
6.30655
6.24297
6.39752
6.31544
6.43451
6.22436
6.24409
6.2422
6.1844
6.3503
6.33906
6.29352
6.02776
6.06069
5.98479
6.11108
6.04768
5.89467
6.11819
6.05916
6.06865
6.23957
6.15089
5.95336
5.93924
6.07036
6.26362
6.20232
6.22925
6.24669
6.18221
6.00799
6.10181
6.13793
6.08754
6.20082
6.07154
6.26003
6.15857
6.17916
6.21682
6.49436
6.30028
6.32283
6.19732
6.42105
6.07492
6.10183
5.90629
6.03624
6.14306
6.22016
6.01026
6.17222
6.31011
6.15317
6.09457
6.11484
5.97814
6.40421
6.21134
6.18622
6.19723
6.15214
6.10787
6.18484
6.10257
6.13442
6.16936
6.12752
5.97348
6.04719
5.8332
6.14013
6.22188
6.18615
6.12535
6.15495
6.18384
6.10552
5.93245
5.97926
5.92524
5.9934
5.86083
5.95775
6.18627
6.13224
6.06544
6.17676
6.09793
6.15139
6.41017
6.12948
6.34897
6.38451
6.34852
5.9749
5.94945
5.92526
6.1394
5.8856
6.13468
6.16649
5.97135
6.08858
6.05464
6.01389
6.1069
5.97133
6.19267
6.0609
6.16164
5.9902
5.85194
6.0067
6.23846
5.98738
6.06249
5.99686
6.27595
5.974
5.70892
5.79572
5.86552
5.86279
6.07966
6.08235
6.12351
6.0842
5.95235
6.10449
5.89308
5.9953
6.03346
5.89192
6.04231
5.92868
6.03798
6.06942
5.99281
6.16787
6.29716
6.1962
6.20883
6.28348
6.30609
6.13231
6.19356
6.06387
6.05474
5.97347
6.19231
6.15537
6.01904
6.22695
6.18871
5.96971
6.00311
6.21275
6.09243
6.1253
5.95976
6.31627
6.21211
5.86087
6.05733
5.82303
5.95904
6.29564
6.237
6.09998
6.24963
5.88881
6.11266
5.9869
6.08242
6.2947
6.20414
6.21055
6.28761
6.27075
6.24262
6.22286
6.38366
6.06904
6.193
6.21865
6.05617
6.05791
6.30098
6.2964
6.24811
5.94969
6.06127
5.93571
6.07149
6.33292
6.12094
6.2285
6.23886
6.21232
6.1842
5.98676
5.92999
6.1221
6.1932
6.11108
6.11918
6.0747
6.16393
6.25777
6.33595
6.38729
6.17134
6.12401
6.07668
6.07764
5.97928
6.01366
6.15121
6.0715
5.8286
6.02518
5.71697
6.15927
5.9966
5.71211
5.77894
5.85111
6.0424
6.0836
6.14793
6.02873
5.95748
6.03287
5.87017
6.05315
6.1061
6.06013
5.84777
5.99998
6.35167
6.18871
6.04197
6.15615
6.21521
6.10361
6.21786
5.82409
5.90619
5.92754
5.91696
5.5634
5.92
6.09731
6.13347
6.02081
5.94886
6.11913
5.96547
5.98923
5.86834
5.88282
5.88406
5.89638
5.98999
5.88625
5.85515
6.07608
6.02726
6.01098
5.98973
6.0754
5.90524
5.95224
6.12369
6.0566
6.16973
6.07378
6.03467
6.12673
6.01991
6.09581
5.85662
6.23372
6.17681
6.28768
6.06357
5.83839
5.88947
6.13207
6.32138
6.46987
6.45878
6.19342
6.32606
6.69649
6.36427
6.17277
6.33789
6.19566
6.13866
5.97334
6.30414
6.05776
6.23571
6.09687
6.14629
5.92798
6.05142
5.9268
6.09837
6.14154
6.03155
6.26182
6.4589
6.18358
6.07261
6.04873
6.14725
6.06763
6.42032
6.412
6.35152
6.31029
6.0869
6.25025
6.1738
5.94838
6.19714
6.46406
6.32241
6.03453
5.94208
5.89704
6.1385
6.20365
6.02308
6.01246
6.07299
6.30328
6.38133
6.33053
6.08558
5.97977
5.9221
6.03772
6.02542
6.11106
6.03439
6.13598
6.13197
6.09737
5.8268
6.11374
6.07308
5.90285
5.88974
6.00422
6.02473
5.82017
5.80034
5.69301
5.92481
5.88584
5.8733
5.9991
6.15568
6.25123
6.11357
6.16305
6.17545
6.12247
6.03834
6.33721
6.18579
5.85368
5.95831
5.82919
5.81575
5.99311
6.1747
6.15601
6.11967
6.11229
5.96415
5.96731
5.90346
5.9649
6.05931
6.11002
6.08938
6.02273
6.14141
6.02393
5.97126
5.81786
5.8448
5.83692
5.81717
5.96529
5.91047
5.90755
5.82521
5.97979
5.81236
5.99353
5.76659
5.7501
6.22575
5.88125
6.08898
5.86204
5.83121
5.76726
5.80808
5.74702
