15.6098
14.6599
14.0044
13.1511
12.6177
12.1921
11.8009
11.4861
11.1531
10.8762
10.5982
10.5766
10.3354
10.2359
9.98632
9.78654
9.65938
9.7172
9.59581
9.45317
9.25092
9.12021
9.22925
8.86084
8.5545
8.48323
8.37249
8.34578
8.41455
8.36449
8.17288
8.0477
8.0688
8.11268
8.03503
8.06617
8.02042
7.97797
7.4886
7.2386
7.11492
7.03404
7.14961
7.18485
7.21005
7.23217
7.19946
7.27127
7.14625
7.10196
6.71291
6.70202
6.88296
6.87793
7.01377
6.98498
6.76871
6.91018
6.99835
6.76558
6.64529
6.78188
6.59088
6.71628
6.7464
6.94942
7.06329
6.83779
6.99018
6.65481
6.65751
6.75503
6.81254
6.65821
6.69537
6.70479
6.61208
6.47619
6.32263
6.07493
6.14964
6.43099
6.34977
6.31488
6.1208
5.98254
6.18795
6.28465
6.29533
6.04113
5.98581
6.1095
5.96227
6.14039
6.00102
5.97109
5.96792
6.17938
6.15138
6.28329
6.30513
6.11401
6.13567
6.09221
6.3751
6.30499
6.29223
6.24117
6.11904
6.08842
6.05803
6.12809
5.98959
6.08385
5.99593
5.92723
5.95202
5.92806
6.02785
5.97677
5.88079
6.19426
6.08582
6.25162
6.17739
6.12497
5.96486
5.96954
6.12664
5.99006
6.09528
6.25512
6.33197
6.51096
6.39866
6.39514
6.33223
6.33172
6.20743
6.30711
6.40509
6.14405
6.18684
6.19186
6.026
6.1841
6.11274
6.26673
6.28089
6.1452
6.3821
6.28858
6.61245
6.48079
6.53749
6.39816
6.35924
6.53916
6.5638
6.31105
6.53399
6.5683
6.50986
6.52364
6.31813
6.2604
6.23971
6.25933
6.58762
6.47531
6.44959
6.3328
6.30341
6.1846
6.27164
6.07315
6.18138
6.26652
6.44629
6.34267
6.38415
6.29908
6.49179
6.45057
6.31975
6.31695
6.34729
6.10337
6.08392
6.05788
6.12732
6.11185
6.28035
6.14416
6.25673
6.43891
6.25706
6.21782
6.17604
6.17507
6.03642
6.12526
6.15499
6.17288
6.00414
6.01573
6.04959
6.04718
6.01543
5.86291
5.88098
6.24659
6.14869
6.13059
5.98497
6.12376
6.11979
6.20642
6.45573
6.59047
6.33267
5.94885
6.13064
6.01052
5.97202
6.04814
5.93017
6.1859
6.32507
6.39647
6.09607
5.8997
6.05343
6.16592
6.04727
6.14859
6.07446
6.08791
6.13993
6.16135
6.47516
6.33831
6.23464
6.226
6.07826
6.16211
6.13097
6.10182
5.92368
5.825
5.93141
6.16634
5.94236
6.07448
6.038
5.79628
5.89103
5.84135
5.71605
5.65629
5.62361
5.68621
5.6843
5.74319
5.83827
5.84553
5.60828
5.82269
5.84446
5.96895
6.05057
6.01022
5.59577
5.5831
5.70347
5.90231
5.88262
5.85322
5.8918
5.97974
5.9019
5.85774
6.03008
6.00734
6.05621
5.99741
5.72359
5.90323
5.97243
5.97527
5.84753
5.79508
5.74919
5.55829
5.79226
6.06039
6.0267
5.64272
5.85111
5.89908
6.21536
6.18184
6.19152
6.28606
5.99636
6.0598
6.32905
6.12269
6.19737
6.2168
6.28725
6.36881
6.30669
6.0248
6.03165
6.00056
5.90324
6.27085
6.19438
5.78672
6.02761
6.10637
6.33985
6.10799
6.33419
6.21759
6.13208
6.46769
6.15573
6.33396
6.25797
6.51591
6.57051
6.40977
6.1566
6.46593
6.1633
5.83088
5.7719
5.81707
5.97001
6.21096
6.08349
5.90622
6.16261
6.13278
6.16515
5.94059
5.95945
5.84361
5.85619
5.93001
5.92777
5.71417
5.91964
5.85351
5.89762
5.92321
5.94759
6.22422
5.90383
5.85758
5.83809
5.79055
6.13555
6.11349
6.01877
5.72018
5.75826
5.85484
5.76807
5.6997
5.75259
5.95517
5.95497
6.05165
6.03342
5.98806
5.77644
5.9227
6.00433
5.94595
5.66061
5.88209
5.96711
5.89161
5.69429
5.84077
5.905
6.0156
6.3523
6.12672
6.00327
5.79679
5.65031
6.01476
6.14815
6.08686
5.86202
5.88308
6.08403
6.01316
6.12601
6.14091
5.82441
5.86343
5.9834
5.85994
5.92646
5.99301
5.82701
5.88589
5.74264
5.73797
5.80266
5.64876
5.8504
5.97943
6.28464
6.08945
6.06143
6.07212
6.02274
6.11492
6.10138
5.82323
5.93956
6.05765
5.90097
5.9951
6.01385
6.24113
6.18911
6.06653
5.93618
6.19873
6.24102
6.08054
6.22975
6.19384
6.10043
6.21795
6.1698
6.02012
5.91162
6.14448
6.10874
6.34814
6.13553
5.82643
6.08741
6.02061
5.89658
6.00321
6.07022
6.32853
6.30029
6.33122
5.94441
6.0721
6.12187
6.2341
6.31865
6.31918
6.13205
6.1622
6.14371
5.84089
5.82559
5.74578
5.97707
6.12219
6.04119
6.0588
6.02721
6.09083
6.10853
6.08625
6.05611
6.11984
5.66261
5.94438
6.08093
5.89553
5.96692
5.94226
6.0014
5.91478
5.95934
6.15708
6.12509
6.01306
5.94972
6.04948
5.94792
6.16312
6.01142
5.95083
6.16576
6.26742
