15.4595
14.626
13.9516
13.6373
12.5972
11.604
10.9816
10.4943
10.1757
9.54059
9.30212
9.03903
8.92645
8.72314
8.94264
8.90508
8.76617
8.63364
8.68555
8.62704
8.54368
8.40042
8.52953
8.22417
8.35402
8.29524
8.14326
8.0733
8.05739
8.17012
7.98461
7.939
7.84624
7.91066
7.89991
8.0331
7.87724
7.67327
7.71118
7.96153
7.94435
7.65721
7.35662
7.17973
7.0383
7.14322
7.15511
7.09935
7.10565
7.1479
7.31906
7.13129
7.17117
7.13646
6.96855
6.89402
6.68814
6.51405
6.61986
6.67296
6.86264
6.92888
6.8273
6.7353
6.88277
6.98213
6.96504
6.76172
6.75244
6.69448
6.51086
6.22289
6.25031
6.35911
6.46659
6.89307
6.90332
7.07144
6.95034
6.88644
7.02696
6.99412
7.06181
6.76965
6.94022
6.91339
6.95716
6.91391
6.96576
6.83978
6.95941
7.11087
7.15219
6.96851
7.00347
6.94529
6.84941
6.87591
6.65807
6.7476
6.52543
6.50945
6.72741
6.53259
6.50131
6.74291
6.73585
6.61748
6.56962
6.80143
6.96458
6.77824
6.61342
6.42687
6.32081
6.67522
6.66792
6.4122
6.46925
6.64328
6.62269
6.56657
6.55703
6.31423
6.2424
6.342
6.43733
6.35867
6.35966
6.21908
6.42636
6.31234
6.40886
6.2783
6.27208
6.45182
6.62597
6.55885
6.37245
6.28799
6.39461
6.38549
6.55847
6.40784
6.4476
6.7408
6.56692
6.39752
6.53123
6.46924
6.0579
5.96847
6.05013
5.95362
6.12236
6.04595
6.17013
6.18285
6.16096
6.22265
5.97186
5.94412
5.98697
6.00167
5.958
5.81637
6.0603
6.03835
5.82658
5.9931
6.04029
5.71685
6.02302
5.88387
5.9511
6.15893
6.06185
6.137
6.17741
6.15524
6.11337
5.99354
6.06288
5.89623
5.92472
6.02047
5.84248
5.86173
5.94821
5.87786
5.87817
6.15318
5.98483
6.13629
6.13797
6.16149
6.00403
6.0625
5.97497
6.01434
6.02973
5.9838
5.98605
6.09623
6.10564
6.04814
6.06392
5.98004
5.8622
6.02541
5.77406
5.86609
5.85221
6.06366
6.08645
5.93464
5.99972
5.88863
5.88814
5.99328
5.83172
6.02007
5.93997
5.86854
6.01492
5.81043
5.82143
6.21534
6.1445
6.02825
6.03028
6.1971
6.08178
6.20654
5.98729
6.13694
6.08036
6.08666
6.10536
6.07418
6.23389
6.24103
6.09208
5.98585
5.94768
6.07162
6.20861
5.92995
6.08474
6.22402
6.08478
5.95804
5.94437
6.01472
5.83451
5.90889
6.0159
6.00186
5.90563
5.90346
5.90733
6.02472
6.17625
6.30225
6.33049
6.21201
5.92869
6.1889
6.30902
6.21335
6.27747
6.30252
6.46923
6.47416
6.49174
6.36431
6.33783
6.27552
6.47442
6.14904
6.14112
6.15595
6.26185
6.1297
6.26061
6.3825
6.20689
6.13479
6.27917
6.30167
6.40468
5.895
5.96313
5.99037
6.06229
5.95576
5.89107
5.89572
6.13451
6.22569
6.4492
6.01884
5.99956
5.86429
5.93177
5.90128
5.86404
5.92075
5.92102
5.98123
5.91141
5.93454
5.77344
5.75445
5.79295
6.07204
6.06476
5.97867
6.19095
6.02572
6.01873
5.97528
6.0516
5.97194
5.9614
5.97788
5.84148
5.90253
5.78403
5.69392
5.89744
5.93396
5.92545
6.0676
5.86011
5.89276
5.93087
5.934
5.95255
5.84866
5.64054
5.73635
5.7341
5.83895
5.807
5.8067
5.63422
5.59378
5.72387
5.62385
5.58568
5.55448
5.38071
5.70744
5.57095
5.5339
5.79527
5.87797
5.78708
5.97192
6.08777
5.91324
6.01999
6.03341
6.01237
5.92772
5.96064
5.81224
5.93759
5.93574
5.78295
5.66469
5.68671
5.93964
5.94084
6.17022
5.91678
6.30846
6.14702
6.02942
6.16184
6.14975
6.04564
6.12655
6.01667
6.12493
5.97099
5.81513
6.04407
6.16814
5.98607
5.97436
5.97326
6.15072
6.28862
6.25773
6.24504
6.0158
6.06336
6.01495
6.06508
5.89627
6.04955
6.02049
5.95212
6.00972
6.11474
6.15144
5.96806
5.94792
5.85683
5.96614
6.07639
6.13189
5.98352
6.04534
6.00856
5.87886
5.96291
6.23943
6.06537
5.98781
6.1858
6.00253
6.00253
6.03584
6.00344
6.01637
5.89525
6.0165
5.94384
6.12694
6.15541
6.09344
6.31224
6.13704
6.15754
6.02491
5.9054
5.93087
5.90456
5.93945
5.71266
6.09712
6.07721
6.15674
5.86943
6.31442
6.29616
6.02594
6.21099
6.48653
6.46443
6.28113
6.17617
6.0112
5.91539
6.26305
6.17253
6.17211
6.06934
5.90884
6.1487
6.21089
6.23173
6.22428
6.39558
6.12722
6.19442
6.37
6.5221
6.25569
6.18634
6.10249
6.47873
6.12762
6.26206
6.26468
6.66355
6.44718
6.28572
6.32377
6.18483
6.22505
6.19179
6.23821
6.25118
6.26639
6.35109
6.37431
6.29228
6.35567
6.02726
5.99999
5.98992
6.26729
6.17779
5.91357
5.97797
5.97747
