13.6637
12.8001
12.5845
11.5593
11.0236
11.0236
11.0236
10.9171
10.9171
10.5961
10.5785
10.4567
10.4391
10.1166
9.97463
9.79479
9.516
9.25661
8.73088
8.33876
8.2366
7.92604
7.89386
7.72004
7.72004
7.58115
7.50038
7.44169
7.44169
7.44169
7.4393
7.43709
7.3689
7.32977
7.19981
7.19981
6.87394
6.87394
6.87394
6.86822
6.84333
6.84333
6.84333
6.84333
6.84333
6.84333
6.84333
6.84333
6.84333
6.84333
6.84333
6.65043
6.65043
6.11049
6.11049
6.11049
6.11049
6.11049
6.11049
6.11049
6.11049
6.08969
6.08969
6.08969
6.08969
6.0745
6.0745
6.0745
6.0745
6.0745
6.0745
6.0745
6.0745
6.0745
6.0745
5.51538
5.51538
5.51538
5.51538
5.51538
5.51538
5.43404
5.26751
5.17194
5.06548
4.98049
4.98049
4.98049
4.98049
4.98049
4.98049
4.98049
4.98049
4.90217
4.90217
4.90217
4.90217
4.90217
4.90217
4.90217
4.90217
4.90217
4.90217
4.90217
4.90217
4.90217
4.90217
4.90217
4.90217
4.90217
4.90217
4.90217
4.90217
4.90217
4.90217
4.90217
4.90217
4.90217
4.90217
4.90217
4.90217
4.90217
4.90217
4.90217
4.90217
4.90217
4.90217
4.90217
4.90217
4.90217
4.90217
4.90217
4.90217
4.90217
4.90217
4.90217
4.90217
4.90217
4.89193
4.89193
4.89193
4.89193
4.89193
4.89193
4.89193
4.89193
4.89193
4.89193
4.89193
4.89193
4.93656
4.93656
4.93656
4.93656
4.93656
4.93656
4.93656
4.93656
4.93656
4.93656
4.93656
4.93656
4.93656
4.93656
4.93656
4.93656
4.93656
4.92125
4.92125
4.92125
4.87513
4.87513
4.87513
4.87513
4.87513
4.87513
4.87513
4.87513
4.87513
4.87513
4.87513
4.87513
4.87513
4.87513
4.87513
4.87513
4.87513
4.87513
4.87513
4.87513
4.87513
4.87513
4.87513
4.87513
4.87513
4.87513
4.87513
4.87513
4.87513
4.87513
4.87513
4.87513
4.87513
4.87513
4.87513
4.87513
4.87513
4.87513
4.87513
4.87513
4.87513
4.87513
4.87513
4.87513
4.87513
4.87513
4.87513
4.87513
4.87513
4.87513
4.87513
4.87334
4.87334
4.87334
4.87334
4.81373
4.81373
4.81373
4.81373
4.81373
4.81373
4.81373
4.81373
4.81373
4.81373
4.81373
4.81373
4.81373
4.81373
4.81373
4.81373
4.81373
4.81373
4.81373
4.81373
4.81373
4.81373
4.81373
4.81373
4.81373
4.81373
4.81373
4.81373
4.81373
4.81373
4.81373
4.81373
4.81373
4.81373
4.81373
4.81373
4.81373
4.81373
4.81373
4.81373
4.81373
4.81373
4.81373
4.81373
4.81373
4.81373
4.81373
4.81373
4.81373
4.81373
4.81373
4.81373
4.81373
4.81373
4.81373
4.81373
4.81373
4.81373
4.81373
4.81373
4.81373
4.81373
4.81373
4.81373
4.81373
4.81373
4.81373
4.81373
4.81373
4.81373
4.81373
4.81373
4.81373
4.81373
4.81373
4.63665
4.63665
4.63665
4.63665
4.63665
4.63665
4.63665
4.63665
4.63665
4.63665
4.63665
4.63665
4.63665
4.63665
4.63665
4.63665
4.63665
4.63665
4.63665
4.63665
4.63665
4.63665
4.63665
4.63665
4.63665
4.63665
4.63665
4.63665
4.63665
4.63665
4.63665
4.63665
4.63665
4.63665
4.63665
4.63665
4.63665
4.63665
4.63665
4.63665
4.63665
4.63665
4.63665
4.63665
4.63665
4.63665
4.63665
4.63665
4.63665
4.63665
4.63665
4.63665
4.63665
4.63665
4.63665
4.63665
4.63665
4.63665
4.63665
4.63665
4.63665
4.63665
4.63665
4.63665
4.63665
4.63665
4.63665
4.63665
4.63665
4.63665
4.63665
4.63665
4.63665
4.63665
4.63665
4.80373
4.80373
4.80373
4.80373
4.80373
4.80373
4.80373
4.80373
4.80373
4.80373
4.80373
4.80373
4.80373
4.80373
4.80373
4.80373
4.80373
4.80373
4.80373
4.80373
4.80373
4.80373
4.80373
4.80373
4.80373
4.80373
4.80373
4.80373
4.80373
4.80373
4.80373
4.80373
4.80373
4.80373
4.80373
4.80373
4.80373
4.80373
4.80373
4.80373
4.80373
4.80373
4.80373
4.80373
4.80373
4.80373
4.80373
4.80373
4.80373
4.80373
4.80373
4.80373
4.80373
4.80373
4.80373
4.80373
4.80373
4.80373
4.80373
4.80373
4.80373
4.80373
4.80373
4.80373
4.80373
4.80373
4.80373
4.80373
4.80373
4.80373
4.80373
4.80373
4.80373
4.80373
4.80373
4.63665
4.63665
4.63665
4.63665
4.63665
4.63665
4.63665
4.63665
4.63665
4.63665
4.63665
4.63665
4.63665
4.63665
4.63665
4.63665
4.63665
4.63665
4.63665
4.63665
4.63665
4.63665
4.63665
4.63665
4.63665
4.63665
4.63665
4.63665
4.63665
4.63665
4.63665
4.63665
4.63665
4.63665
4.63665
4.63665
4.63665
4.63665
4.63665
4.63665
4.63665
4.63665
4.63665
4.63665
4.63665
4.63665
4.63665
4.63665
4.63665
4.63665
