13.8459
12.7562
11.9878
11.9066
11.1356
10.7908
10.6332
10.5069
9.89224
9.89224
9.76596
9.62069
9.62069
9.30629
9.20801
9.05105
9.05105
9.03431
8.68981
8.68981
8.53
8.53
7.80582
7.80582
7.59065
7.46081
7.46081
7.42952
7.42952
7.42952
7.42952
7.42952
7.42952
7.42419
7.20335
7.20335
7.17122
6.26246
6.26246
6.25703
6.17367
6.10719
6.10719
6.07966
6.07966
6.07966
6.07966
6.07966
5.64901
5.64901
5.64901
5.63078
5.63078
5.63078
5.63078
5.63078
5.63078
5.63078
5.63078
5.63078
5.63078
5.63078
5.63078
5.63078
5.63078
5.63078
5.63078
5.63078
5.63078
5.63078
5.62692
5.62692
5.48536
5.48536
5.34937
5.35923
5.30355
5.00652
5.00652
5.00652
5.00652
5.00652
5.00652
5.00652
5.00652
5.00652
5.00652
5.00652
5.00652
5.00652
5.00652
4.93656
4.93656
4.93656
4.93656
4.93656
4.93656
4.93656
4.93656
4.93656
4.93656
4.93656
4.93656
4.93656
4.93656
4.93656
4.93656
4.93656
4.93656
4.93656
4.93656
4.93656
4.93656
4.93656
4.93656
4.93656
4.93656
4.93656
4.93656
4.93656
4.93656
4.93656
4.93656
4.93656
4.93656
4.93656
4.93656
4.93656
4.93656
4.93656
4.93656
4.93656
4.93656
4.93656
4.93656
4.93656
4.93656
4.93656
4.93656
4.93656
4.93656
4.93656
4.93656
4.93656
4.93656
4.93656
4.93656
4.93656
4.93656
4.93656
5.32997
5.22173
5.22173
5.22173
5.22173
5.22173
5.22173
5.22173
5.22173
5.22173
5.22173
5.22173
5.22173
5.22173
5.22173
5.22173
5.22173
5.22173
5.22173
5.22173
5.22173
5.22173
5.22173
5.22173
5.22173
5.22173
5.22173
5.22173
5.22173
5.22173
5.22173
5.22173
5.22173
5.22173
5.06239
5.04082
5.04082
4.97669
4.97669
4.97669
4.97669
4.97669
4.97669
4.97669
4.97669
4.97669
4.97669
4.97669
4.97669
4.90071
4.90071
4.90071
4.90071
4.87745
4.87745
4.87745
4.87745
4.87745
4.87745
4.87745
4.87745
4.87745
4.87745
4.87745
4.87745
4.87745
4.87745
4.87745
4.87745
4.87745
4.87745
4.87745
4.87745
4.87745
4.87745
4.87334
4.87334
4.87334
4.87334
4.87334
4.87334
4.87334
4.87334
4.87334
4.87334
4.87334
4.87334
4.87334
4.87334
4.87334
4.87334
4.87334
4.87334
4.87334
4.87334
4.85115
4.85115
4.69535
4.69535
4.69535
4.69535
4.69535
4.69535
4.69535
4.69535
4.69535
4.69535
4.69535
4.69535
4.69535
4.68712
4.68712
4.68712
4.68712
4.68712
4.68712
4.68712
4.68712
4.68712
4.68712
4.68712
4.68712
4.68712
4.68712
4.68712
4.68712
4.68712
4.68712
4.68712
4.68712
4.68712
4.68712
4.68712
4.68712
4.68712
4.68712
4.68712
4.68712
4.68712
4.68712
4.68712
4.68712
4.68712
4.68712
4.68712
4.68712
4.68712
4.68712
4.68712
4.68712
4.86677
4.86677
4.86677
4.86677
4.86677
4.86677
4.86677
4.86677
4.86677
4.86677
4.86677
4.86677
4.86677
4.63665
4.63665
4.63665
4.63665
4.63665
4.63665
4.63665
4.63665
4.63665
4.63665
4.63665
4.63665
4.63665
4.63665
4.63665
4.63665
4.63665
4.63665
4.63665
4.63665
4.63665
4.63665
4.63665
4.63665
4.63665
4.63665
4.63665
4.63665
4.63665
4.63665
4.63665
4.63665
4.63665
4.63665
4.63665
4.63665
4.63665
4.63665
4.63665
4.63665
4.63665
4.63665
4.63665
4.63665
4.63665
4.63665
4.63665
4.63665
4.63665
4.63665
4.63665
4.63665
4.63665
4.63665
4.63665
4.63665
4.63665
4.63665
4.63665
4.63665
4.63665
4.63665
4.68712
4.68712
4.68712
4.68712
4.68712
4.68712
4.68712
4.68712
4.68712
4.68712
4.68712
4.68712
4.68712
4.68712
4.68712
4.68712
4.68712
4.68712
4.68712
4.68712
4.68712
4.68712
4.68712
4.68712
4.68712
4.68712
4.68712
4.68712
4.68712
4.68712
4.68712
4.68712
4.68712
4.68712
4.68712
4.68712
4.68712
4.68712
4.68712
4.68712
4.68712
4.68712
4.68712
4.68712
4.68712
4.68712
4.68712
4.68712
4.68712
4.68712
4.68712
4.68712
4.68712
4.68712
4.68712
4.68712
4.68712
4.68712
4.68712
4.68712
4.68712
4.68712
4.68712
4.68712
4.68712
4.68712
4.68712
4.68712
4.68712
4.68712
4.68712
4.68712
4.68712
4.68712
4.68712
4.63665
4.63665
4.63665
4.63665
4.63665
4.63665
4.63665
4.63665
4.63665
4.63665
4.63665
4.63665
4.63665
4.63665
4.63665
4.63665
4.63665
4.63665
4.63665
4.63665
4.63665
4.63665
4.63665
4.63665
4.63665
4.63665
4.63665
4.63665
4.63665
4.63665
4.63665
4.63665
4.63665
4.63665
4.63665
4.63665
4.63665
4.63665
4.63665
4.63665
4.63665
4.63665
4.63665
4.63665
4.63665
4.63665
4.63665
4.63665
4.63665
4.63665
