           1     5.49484     5.49484           0
           2     5.45017     5.47251   0.0223333
           3       5.674     5.53967   0.0683929
           4     5.51885     5.53447   0.0486404
           5     5.57888     5.54335   0.0387093
           6      5.5963     5.55217   0.0328151
           7     5.37303     5.52658   0.0377379
           8     5.58642     5.53406    0.033527
           9     5.58556     5.53978   0.0301166
          10     5.53142     5.53895   0.0269501
          11     5.51516     5.53678    0.024473
          12     5.45963     5.53035   0.0232475
          13     5.55547     5.53229   0.0214717
          14     5.55917     5.53421   0.0199715
          15     5.62429     5.54021   0.0195384
          16     5.88151     5.56154   0.0280897
          17       5.595     5.56351   0.0264589
          18     5.59599     5.56532   0.0250109
          19     5.60791     5.56756   0.0237639
          20     5.64134     5.57125   0.0228443
          21     5.51196     5.56842   0.0219119
          22     5.46055     5.56352   0.0214598
          23      5.4464     5.55843   0.0211284
          24     5.57261     5.55902   0.0202376
          25     5.50573     5.55689   0.0195279
          26     5.64595     5.56031   0.0190719
          27     5.77828     5.56839   0.0200491
          28     5.51901     5.56662   0.0194001
          29     5.23308     5.55512   0.0219703
          30      5.5785      5.5559   0.0212396
          31     5.77918      5.5631   0.0217692
          32     5.49205     5.56088   0.0211945
          33     5.48811     5.55868   0.0206602
          34     5.66472      5.5618   0.0202846
          35     5.34375     5.55557   0.0206583
          36     5.51143     5.55434   0.0201137
          37     5.54741     5.55415   0.0195634
          38     5.82769     5.56135   0.0203568
          39     5.54325     5.56089   0.0198334
          40     5.22494     5.55249   0.0210769
          41     5.90457     5.56108   0.0222779
          42     5.70113     5.56441   0.0219953
          43     5.68632     5.56725    0.021664
          44     5.64153     5.56893   0.0212331
          45     5.46291     5.56658   0.0208892
          46      5.2402     5.55948    0.021627
          47     5.77697     5.56411   0.0216618
          48     5.57394     5.56431   0.0212067
          49     5.66894     5.56645   0.0208789
          50     5.74456     5.57001   0.0207649
          51     5.60773     5.57075   0.0203671
          52     5.39911     5.56745   0.0202425
          53     5.64218     5.56886   0.0199069
          54     5.71879     5.57164   0.0197311
          55     5.78712     5.57556   0.0197613
          56     5.71517     5.57805   0.0195647
          57     5.50493     5.57677   0.0192612
          58     5.56536     5.57657   0.0189272
          59     5.60393     5.57703   0.0186094
          60     5.75892     5.58006   0.0185461
          61      5.3706     5.57663   0.0185599
          62     5.49489     5.57531   0.0183056
          63     5.48014      5.5738    0.018076
          64     5.39568     5.57102   0.0180077
          65     5.36579     5.56786   0.0180074
          66     5.55985     5.56774   0.0177329
          67     5.48191     5.56646   0.0175131
          68     5.72892     5.56885   0.0174183
          69      5.6592     5.57016   0.0172139
          70     5.84272     5.57405   0.0174073
          71     5.80756     5.57734   0.0174726
          72     5.61176     5.57782   0.0172349
          73     5.51662     5.57698   0.0170178
          74     5.23813      5.5724   0.0173996
          75     5.92903     5.57716   0.0178125
          76     5.54111     5.57668   0.0175829
          77      5.6313     5.57739   0.0173676
          78     5.57309     5.57734   0.0171435
          79     5.62723     5.57797   0.0169369
          80     5.76583     5.58032   0.0168879
          81     5.38032     5.57785   0.0168599
          82     5.55226     5.57753    0.016656
          83     5.39526     5.57534      0.0166
          84     5.78372     5.57782   0.0165877
          85      5.5641     5.57766   0.0163922
          86      5.6064     5.57799   0.0162039
          87     5.49664     5.57706   0.0160438
          88     5.74476     5.57896   0.0159746
          89     5.33137     5.57618   0.0160372
          90     5.66912     5.57721   0.0158916
          91     5.57975     5.57724    0.015716
          92     5.64053     5.57793   0.0155594
          93      5.5369     5.57749   0.0153976
          94     5.56893      5.5774   0.0152331
          95     5.77435     5.57947   0.0152139
          96     5.69946     5.58072   0.0151064
          97     5.55686     5.58047   0.0149518
          98     5.56789     5.58035    0.014799
          99     5.48583     5.57939   0.0146799
         100     5.35492     5.57715   0.0147047
