           1    0.446502    0.446502           0
           2    0.448779    0.447641  0.00113846
           3    0.428971    0.441418  0.00625771
           4     0.44227    0.441631     0.00443
           5    0.447933    0.442891  0.00365566
           6    0.434913    0.441561  0.00326762
           7    0.432717    0.440298  0.00303697
           8      0.4424    0.440561  0.00264319
           9    0.420399     0.43832  0.00323304
          10    0.437984    0.438287  0.00289191
          11    0.442691    0.438687  0.00264631
          12    0.430726    0.438024  0.00250518
          13     0.43878    0.438082  0.00230517
          14    0.435994    0.437933  0.00213938
          15    0.441746    0.438187  0.00200781
          16    0.451576    0.439024  0.00205612
          17    0.434685    0.438769  0.00194818
          18    0.449862    0.439385   0.0019374
          19    0.451213    0.440007  0.00193545
          20    0.445715    0.440293  0.00185817
          21    0.446558    0.440591  0.00179248
          22    0.450178    0.441027  0.00176374
          23    0.462475    0.441959   0.0019261
          24    0.428391    0.441394  0.00192881
          25    0.437186    0.441226   0.0018577
          26    0.450616    0.441587  0.00182099
          27    0.443292     0.44165  0.00175339
          28    0.427293    0.441137  0.00176569
          29    0.450261    0.441452  0.00173253
          30    0.431648    0.441125  0.00170538
          31    0.443243    0.441193  0.00165087
          32    0.433831    0.440963  0.00161492
          33    0.430392    0.440643  0.00159766
          34    0.426747    0.440234  0.00160294
          35    0.448049    0.440458   0.0015724
          36    0.455808    0.440884  0.00158648
          37    0.451775    0.441178  0.00157083
          38    0.433962    0.440988  0.00154068
          39    0.436204    0.440866  0.00150566
          40     0.44547    0.440981  0.00147205
          41    0.445799    0.441098   0.0014405
          42    0.438348    0.441033   0.0014073
          43    0.452912    0.441309  0.00140168
          44      0.4421    0.441327  0.00136957
          45    0.445397    0.441418  0.00134184
          46    0.445923    0.441516    0.001316
          47    0.448411    0.441662  0.00129602
          48    0.431826    0.441457  0.00128518
          49    0.445118    0.441532  0.00126089
          50      0.4383    0.441467   0.0012371
          51    0.429467    0.441232  0.00123522
          52    0.421898     0.44086  0.00126702
          53    0.445393    0.440946  0.00124582
          54    0.434516    0.440827  0.00122832
          55    0.440059    0.440813  0.00120586
          56    0.450477    0.440985  0.00119664
          57    0.440233    0.440972  0.00117553
          58    0.444926     0.44104   0.0011571
          59    0.441618     0.44105  0.00113736
          60    0.451866     0.44123  0.00113268
          61    0.447921     0.44134  0.00111934
          62    0.427825    0.441122  0.00112251
          63    0.449316    0.441252  0.00111218
          64    0.425123       0.441   0.0011233
          65    0.437262    0.440943  0.00110737
          66    0.444759       0.441    0.001092
          67    0.436882    0.440939  0.00107733
          68    0.446578    0.441022  0.00106461
          69    0.436706    0.440959  0.00105093
          70    0.450448    0.441095  0.00104464
          71    0.435709    0.441019  0.00103261
          72    0.441439    0.441025  0.00101818
          73    0.443488    0.441059  0.00100471
          74    0.441712    0.441067 0.000991075
          75    0.428187    0.440896 0.000992739
          76    0.445408    0.440955 0.000981387
          77    0.449269    0.441063 0.000974557
          78    0.453508    0.441223 0.000975125
          79    0.438861    0.441193 0.000963166
          80    0.444385    0.441233 0.000951887
          81    0.436054    0.441169 0.000942233
          82    0.436451    0.441111 0.000932448
          83    0.441986    0.441122 0.000921206
          84    0.427376    0.440958 0.000924767
          85    0.431868    0.440851 0.000920059
          86    0.444206     0.44089 0.000910134
          87    0.441723      0.4409 0.000899663
          88    0.432116      0.4408 0.000894964
          89    0.443249    0.440827 0.000885279
          90    0.428093    0.440686 0.000886748
          91    0.449061    0.440778 0.000881766
          92    0.436852    0.440735 0.000873172
          93    0.439417    0.440721 0.000863848
          94    0.430349    0.440611 0.000861703
          95    0.447459    0.440683 0.000855626
          96    0.420124    0.440469  0.00087333
          97    0.432398    0.440385 0.000868275
          98    0.431917    0.440299 0.000863703
          99    0.434721    0.440243 0.000856789
         100    0.435523    0.440196  0.00084949
