           1    0.395472    0.395472           0
           2    0.386749    0.391111   0.0043618
           3    0.392871    0.391697  0.00258574
           4    0.402001    0.394273  0.00315881
           5    0.397188    0.394856  0.00251528
           6    0.384083    0.393061  0.00272793
           7    0.395492    0.393408  0.00233155
           8    0.399564    0.394178  0.00216086
           9    0.393029     0.39405  0.00190996
          10    0.394778    0.394123  0.00170987
          11    0.398759    0.394544  0.00160303
          12    0.401863    0.395154  0.00158537
          13    0.396712    0.395274  0.00146324
          14     0.39805    0.395472  0.00136914
          15    0.401375    0.395866  0.00133396
          16     0.38533    0.395207  0.00141089
          17    0.397946    0.395368  0.00133506
          18    0.392003    0.395181  0.00127251
          19    0.398133    0.395337  0.00121366
          20    0.396109    0.395375  0.00115203
          21    0.398256    0.395513  0.00110435
          22     0.38892    0.395213  0.00109477
          23    0.403359    0.395567  0.00110441
          24    0.405763    0.395992  0.00113954
          25    0.394691     0.39594  0.00109425
          26    0.401482    0.396153  0.00107271
          27    0.396633    0.396171  0.00103237
          28    0.400211    0.396315  0.00100523
          29     0.39905    0.396409 0.000974517
          30    0.391249    0.396237 0.000957056
          31    0.409645     0.39667  0.00102172
          32    0.396044     0.39665 0.000989469
          33    0.397068    0.396663   0.0009591
          34     0.39891    0.396729 0.000932808
          35    0.397149    0.396741 0.000905843
          36    0.391694    0.396601 0.000891414
          37    0.399512     0.39668  0.00087055
          38    0.393202    0.396588  0.00085226
          39    0.397078    0.396601 0.000830215
          40    0.395758     0.39658 0.000809467
          41    0.401462    0.396699 0.000798406
          42     0.39828    0.396736 0.000780074
          43    0.396811    0.396738 0.000761718
          44    0.405686    0.396941  0.00077149
          45    0.396209    0.396925 0.000754327
          46     0.39136    0.396804 0.000747599
          47    0.406173    0.397003 0.000758194
          48    0.404233    0.397154  0.00075736
          49    0.395293    0.397116 0.000742714
          50    0.394667    0.397067 0.000729356
          51    0.396953    0.397065 0.000714915
          52    0.384909    0.396831 0.000738979
          53    0.401114    0.396912 0.000729391
          54    0.392038    0.396822 0.000721424
          55    0.400784    0.396894  0.00071184
          56    0.396299    0.396883 0.000699094
          57    0.397752    0.396898 0.000686888
          58    0.395811     0.39688 0.000675202
          59    0.398646     0.39691 0.000664334
          60    0.399776    0.396957 0.000654913
          61     0.39465    0.396919 0.000645196
          62    0.392568    0.396849 0.000638573
          63       0.396    0.396836 0.000628499
          64    0.398387     0.39686 0.000619076
          65     0.40017    0.396911   0.0006116
          66    0.384857    0.396728 0.000629346
          67    0.390844    0.396641 0.000626072
          68    0.401461    0.396711 0.000620857
          69    0.392845    0.396655 0.000614354
          70    0.395547     0.39664 0.000605721
          71    0.402418    0.396721 0.000602649
          72    0.392714    0.396665 0.000596821
          73    0.396613    0.396665 0.000588589
          74    0.390808    0.396585  0.00058595
          75    0.403021    0.396671 0.000584418
          76    0.398835      0.3967 0.000577379
          77    0.395494    0.396684 0.000570047
          78    0.391009    0.396611 0.000567376
          79    0.402191    0.396682 0.000564584
          80    0.393612    0.396644 0.000558801
          81    0.404026    0.396735 0.000559334
          82    0.403958    0.396823 0.000559449
          83    0.397311    0.396829 0.000552699
          84    0.395049    0.396807  0.00054649
          85    0.398152    0.396823 0.000540254
          86    0.392537    0.396773 0.000536256
          87     0.39889    0.396798 0.000530614
          88    0.399562    0.396829 0.000525489
          89     0.40082    0.396874 0.000521483
          90    0.397782    0.396884 0.000515755
          91    0.402508    0.396946 0.000513786
          92    0.401291    0.396993 0.000510361
          93    0.399598    0.397021  0.00050562
          94    0.396869     0.39702 0.000500215
          95    0.392657    0.396974 0.000497048
          96    0.394207    0.396945 0.000492686
          97    0.401576    0.396993 0.000489912
          98    0.396421    0.396987 0.000484923
          99     0.38913    0.396907 0.000486515
         100     0.39635    0.396902 0.000481658
