           1     2.59868     2.59868           0
           2     2.48522     2.54195   0.0567298
           3     2.50003     2.52798   0.0356102
           4     2.53618     2.53003   0.0252635
           5     2.59832     2.54369   0.0238643
           6     2.52629     2.54079   0.0196996
           7     2.52093     2.53795   0.0168892
           8     2.53501     2.53758   0.0146311
           9     2.53825     2.53766   0.0129036
          10     2.44915     2.52881   0.0145444
          11     2.53832     2.52967   0.0131843
          12     2.59702     2.53528   0.0132797
          13     2.45585     2.52917   0.0136584
          14     2.49989     2.52708    0.012817
          15     2.57145     2.53004   0.0122931
          16     2.55927     2.53187   0.0116434
          17     2.48255     2.52897   0.0113153
          18     2.53833     2.52949   0.0106808
          19     2.50167     2.52802   0.0102086
          20     2.54009     2.52863  0.00970349
          21     2.45686     2.52521  0.00984222
          22     2.56477     2.52701  0.00955497
          23     2.56222     2.52854  0.00925753
          24     2.47637     2.52636  0.00912603
          25     2.48731      2.5248   0.0088917
          26     2.55044     2.52579  0.00859961
          27     2.45592      2.5232  0.00867016
          28     2.44175     2.52029  0.00884675
          29     2.52377     2.52041  0.00853708
          30     2.55178     2.52146  0.00831362
          31     2.52322     2.52151  0.00804116
          32     2.57677     2.52324  0.00797504
          33      2.5083     2.52279  0.00774285
          34     2.53544     2.52316  0.00752088
          35     2.52189     2.52312  0.00730293
          36     2.52512     2.52318  0.00709738
          37      2.5365     2.52354  0.00691228
          38     2.53734      2.5239  0.00673771
          39     2.49913     2.52327  0.00659335
          40     2.54109     2.52371  0.00644183
          41     2.54921     2.52433  0.00631345
          42     2.48172     2.52332  0.00624426
          43     2.50935     2.52299  0.00610597
          44     2.48724     2.52218  0.00602067
          45     2.51785     2.52209  0.00588614
          46      2.5356     2.52238  0.00576425
          47     2.55089     2.52299   0.0056728
          48     2.49536     2.52241   0.0055831
          49     2.50872     2.52213  0.00547511
          50     2.56542       2.523   0.0054339
          51     2.47046     2.52197  0.00542497
          52     2.45599      2.5207  0.00546882
          53     2.50237     2.52035  0.00537578
          54     2.50453     2.52006  0.00528342
          55     2.53444     2.52032  0.00519306
          56     2.56482     2.52112  0.00516103
          57     2.48054      2.5204  0.00511942
          58     2.52839     2.52054  0.00503226
          59     2.50604      2.5203  0.00495233
          60     2.54314     2.52068  0.00488396
          61     2.55874      2.5213   0.0048436
          62     2.48327     2.52069  0.00480416
          63      2.4372     2.51936  0.00490951
          64     2.50311     2.51911  0.00483886
          65     2.53722     2.51939  0.00477198
          66     2.46852     2.51862   0.0047619
          67     2.49536     2.51827  0.00470312
          68     2.50788     2.51812  0.00463596
          69     2.56934     2.51886  0.00462821
          70     2.63521     2.52052  0.00485502
          71     2.51833     2.52049  0.00478625
          72     2.57492     2.52125  0.00477947
          73     2.54619     2.52159  0.00472592
          74     2.52172     2.52159  0.00466162
          75     2.55315     2.52201  0.00461826
          76     2.52068     2.52199  0.00455712
          77     2.55041     2.52236  0.00451267
          78      2.5224     2.52236  0.00445444
          79     2.50885     2.52219  0.00440101
          80     2.49934     2.52191  0.00435503
          81      2.5462     2.52221  0.00431137
          82     2.56896     2.52278  0.00429647
          83     2.51967     2.52274  0.00424455
          84     2.57485     2.52336  0.00423936
          85     2.57252     2.52394  0.00422893
          86     2.41026     2.52261   0.0043835
          87      2.5352     2.52276  0.00433523
          88     2.49504     2.52244  0.00429724
          89     2.52963     2.52253  0.00424945
          90     2.55655      2.5229  0.00421894
          91     2.53828     2.52307  0.00417574
          92     2.56633     2.52354  0.00415679
          93     2.53517     2.52367  0.00411375
          94     2.61672     2.52466   0.0041884
          95     2.55005     2.52492  0.00415269
          96     2.56238     2.52531  0.00412768
          97     2.48512      2.5249  0.00410587
          98     2.46612      2.5243  0.00410777
          99     2.51967     2.52425  0.00406634
         100      2.5694     2.52471  0.00405071
