           1    0.145267    0.145267           0
           2    0.128289    0.136778  0.00848867
           3      0.1606    0.144719  0.00933131
           4    0.156803     0.14774  0.00725694
           5    0.163615    0.150915  0.00645589
           6    0.159183    0.152293  0.00544835
           7    0.139816     0.15051  0.00493762
           8    0.180096    0.154208  0.00565348
           9    0.157623    0.154588  0.00500032
          10    0.143036    0.153433   0.0046192
          11    0.151239    0.153233  0.00418298
          12    0.164688    0.154188  0.00393602
          13    0.132045    0.152485  0.00400125
          14    0.132384    0.151049  0.00397293
          15     0.14906    0.150916  0.00370098
          16    0.150119    0.150866  0.00346231
          17    0.131072    0.149702  0.00345442
          18    0.136472    0.148967  0.00333876
          19    0.141631    0.148581  0.00318167
          20    0.148939    0.148599  0.00301845
          21    0.146357    0.148492   0.0028731
          22    0.165109    0.149247  0.00284162
          23    0.169883    0.150145  0.00285965
          24    0.142088    0.149809  0.00275841
          25    0.125639    0.148842  0.00281688
          26    0.158749    0.149223  0.00273307
          27    0.130692    0.148537  0.00271798
          28    0.134189    0.148024  0.00266876
          29    0.153307    0.148206  0.00258153
          30    0.149817     0.14826  0.00249457
          31    0.149872    0.148312  0.00241332
          32    0.131429    0.147785  0.00239551
          33    0.145497    0.147715  0.00232282
          34    0.135535    0.147357  0.00228176
          35    0.140761    0.147169  0.00222361
          36      0.1451    0.147111  0.00216172
          37    0.158133    0.147409  0.00212349
          38    0.137817    0.147157  0.00208221
          39    0.139417    0.146958   0.0020378
          40    0.142379    0.146844   0.0019895
          41    0.150785     0.14694  0.00194275
          42    0.144132    0.146873  0.00189711
          43    0.130533    0.146493  0.00189103
          44    0.146655    0.146497  0.00184756
          45    0.155141    0.146689  0.00181622
          46    0.147809    0.146713  0.00177647
          47    0.134717    0.146458   0.0017569
          48    0.128292    0.146079  0.00176105
          49      0.1755     0.14668  0.00182626
          50    0.142167     0.14659  0.00179164
          51    0.148543    0.146628  0.00175657
          52    0.143528    0.146568  0.00172349
          53    0.142076    0.146483  0.00169279
          54    0.129385    0.146167  0.00169105
          55    0.161348    0.146443  0.00168281
          56    0.148737    0.146484  0.00165299
          57    0.150208    0.146549  0.00162505
          58    0.157011     0.14673  0.00160694
          59    0.134983     0.14653  0.00159197
          60    0.140025    0.146422  0.00156896
          61    0.123936    0.146053  0.00158645
          62    0.143209    0.146008  0.00156132
          63     0.15312     0.14612  0.00154048
          64    0.134273    0.145935  0.00152748
          65     0.14046    0.145851  0.00150615
          66    0.144781    0.145835  0.00148325
          67    0.137832    0.145715  0.00146582
          68    0.129245    0.145473  0.00146427
          69    0.145284     0.14547  0.00144289
          70    0.163923    0.145734  0.00144636
          71    0.159551    0.145929  0.00143906
          72    0.148051    0.145958  0.00141924
          73    0.132609    0.145775  0.00141155
          74    0.154423    0.145892  0.00139724
          75    0.173127    0.146255  0.00142551
          76    0.153948    0.146357  0.00141027
          77    0.161208    0.146549  0.00140513
          78    0.157112    0.146685   0.0013936
          79    0.156181    0.146805  0.00138109
          80    0.147044    0.146808  0.00136372
          81    0.149361     0.14684  0.00134714
          82    0.137345    0.146724  0.00133564
          83    0.153311    0.146803  0.00132184
          84    0.133748    0.146648  0.00131522
          85    0.165803    0.146873  0.00131905
          86    0.176083    0.147213  0.00134714
          87    0.164449    0.147411  0.00134622
          88    0.141276    0.147341  0.00133266
          89    0.164595    0.147535  0.00133179
          90     0.16402    0.147718  0.00132958
          91    0.164587    0.147903  0.00132789
          92    0.184593    0.148302  0.00137259
          93    0.153012    0.148353   0.0013587
          94    0.119088    0.148042  0.00137975
          95    0.176635    0.148343  0.00139793
          96      0.1622    0.148487  0.00139081
          97    0.143536    0.148436  0.00137734
          98    0.152019    0.148472   0.0013637
          99     0.14348    0.148422   0.0013508
         100    0.143428    0.148372  0.00133816
