           1    0.027472    0.027472           0
           2   0.0344787   0.0309753  0.00350333
           3   0.0330267   0.0316591   0.0021351
           4   0.0309027     0.03147  0.00152154
           5   0.0304467   0.0312653  0.00119622
           6   0.0331813   0.0315847  0.00102759
           7   0.0373413    0.032407  0.00119606
           8    0.033052   0.0324877  0.00103895
           9   0.0388747   0.0331973  0.00115895
          10   0.0353627   0.0334139  0.00105897
          11   0.0368587    0.033727  0.00100777
          12   0.0347293   0.0338106 0.000923747
          13   0.0378387   0.0341204 0.000904456
          14   0.0422547   0.0347014   0.0010192
          15   0.0318213   0.0345094 0.000968052
          16   0.0356453   0.0345804 0.000908309
          17   0.0438613   0.0351264  0.00101292
          18    0.036308    0.035192 0.000957245
          19   0.0352253   0.0351938 0.000905465
          20    0.031668   0.0350175 0.000876902
          21   0.0329053   0.0349169 0.000840142
          22   0.0357427   0.0349544 0.000801923
          23   0.0361333   0.0350057 0.000767977
          24     0.03404   0.0349654 0.000736382
          25    0.029068   0.0347295 0.000744664
          26   0.0416627   0.0349962 0.000763529
          27    0.030544   0.0348313 0.000752983
          28      0.0279   0.0345838 0.000766658
          29    0.032604   0.0345155 0.000742892
          30   0.0329613   0.0344637  0.00071957
          31   0.0363147   0.0345234 0.000698527
          32     0.03504   0.0345395 0.000676539
          33   0.0346947   0.0345442 0.000655734
          34   0.0377667    0.034639 0.000643177
          35    0.037928    0.034733  0.00063156
          36   0.0309507   0.0346279 0.000622694
          37    0.035708   0.0346571 0.000606333
          38   0.0315027   0.0345741 0.000595971
          39   0.0305907    0.034472 0.000589406
          40   0.0352427   0.0344912 0.000574805
          41   0.0286333   0.0343484  0.00057853
          42   0.0299613   0.0342439 0.000574169
          43    0.032092   0.0341939 0.000562886
          44   0.0375053   0.0342691  0.00055507
          45    0.033812    0.034259  0.00054269
          46   0.0355827   0.0342877 0.000531541
          47    0.032228   0.0342439 0.000521952
          48   0.0320893    0.034199  0.00051293
          49    0.032556   0.0341655 0.000503471
          50    0.037828   0.0342387 0.000498707
          51    0.033356   0.0342214 0.000489137
          52    0.033308   0.0342039  0.00047996
          53   0.0365773   0.0342487 0.000472942
          54   0.0311707   0.0341917 0.000467589
          55   0.0336467   0.0341817 0.000459115
          56    0.040276   0.0342906 0.000463791
          57    0.036688   0.0343326 0.000457519
          58   0.0295627   0.0342504 0.000457022
          59   0.0315507   0.0342046 0.000451533
          60   0.0288667   0.0341157 0.000452771
          61   0.0341813   0.0341167 0.000445288
          62   0.0331813   0.0341017 0.000438306
          63     0.02566   0.0339677 0.000451628
          64   0.0337173   0.0339637 0.000444533
          65    0.035948   0.0339943 0.000438704
          66    0.032172   0.0339667 0.000432887
          67   0.0351893   0.0339849 0.000426768
          68   0.0370467   0.0340299 0.000422849
          69   0.0305747   0.0339799 0.000419674
          70   0.0293467   0.0339137 0.000418897
          71   0.0352067   0.0339319 0.000413356
          72   0.0303787   0.0338825 0.000410552
          73   0.0300573   0.0338301 0.000408265
          74   0.0334947   0.0338256 0.000402736
          75     0.03764   0.0338765 0.000400572
          76    0.037204   0.0339202 0.000397683
          77    0.036524   0.0339541 0.000393939
          78    0.034028    0.033955 0.000388857
          79   0.0351973   0.0339707 0.000384225
          80   0.0329587   0.0339581 0.000379602
          81     0.03028   0.0339127 0.000377627
          82   0.0349253    0.033925 0.000373197
          83    0.036544   0.0339566 0.000370022
          84   0.0302227   0.0339121 0.000368282
          85     0.03276   0.0338986 0.000364176
          86    0.029336   0.0338455 0.000363806
          87   0.0414547    0.033933 0.000370083
          88    0.034532   0.0339398 0.000365917
          89   0.0348453     0.03395 0.000361925
          90    0.031172   0.0339191  0.00035921
          91    0.038872   0.0339735 0.000359386
          92   0.0331627   0.0339647 0.000355567
          93     0.03318   0.0339563 0.000351824
          94   0.0388413   0.0340082  0.00035192
          95   0.0304413   0.0339707 0.000350214
          96   0.0346813   0.0339781 0.000346626
          97   0.0363173   0.0340022  0.00034388
          98    0.032788   0.0339898 0.000340579
          99   0.0316627   0.0339663  0.00033794
         100   0.0327013   0.0339537 0.000334782
