           1   -0.848477   -0.848477           0
           2   -0.850027   -0.849252 0.000774667
           3   -0.847557   -0.848687 0.000720511
           4   -0.845461   -0.847881 0.000953898
           5    -0.84796   -0.847897 0.000739056
           6   -0.849171   -0.848109 0.000639712
           7   -0.846677   -0.847904 0.000578041
           8   -0.850045   -0.848172 0.000567643
           9   -0.845752   -0.847903 0.000568257
          10   -0.848944   -0.848007 0.000518813
          11   -0.849104   -0.848107  0.00047976
          12   -0.845995   -0.847931 0.000472007
          13   -0.852352   -0.848271 0.000551519
          14    -0.84772   -0.848232 0.000512122
          15   -0.847408   -0.848177 0.000479911
          16   -0.848805   -0.848216 0.000450632
          17   -0.846056   -0.848089 0.000441953
          18   -0.849264   -0.848154  0.00042176
          19   -0.847704   -0.848131 0.000399648
          20   -0.849123    -0.84818 0.000382371
          21   -0.848536   -0.848197 0.000364102
          22    -0.84884   -0.848226 0.000348386
          23   -0.850333   -0.848318 0.000345269
          24   -0.846749   -0.848253 0.000336969
          25   -0.847685    -0.84823 0.000324005
          26   -0.849192   -0.848267 0.000313485
          27   -0.850208   -0.848339 0.000310101
          28   -0.848059   -0.848329 0.000298988
          29   -0.848571   -0.848337 0.000288614
          30   -0.849123   -0.848363 0.000280055
          31   -0.850717   -0.848439 0.000281313
          32   -0.846931   -0.848392  0.00027643
          33   -0.845869   -0.848316 0.000278615
          34   -0.848016   -0.848307  0.00027044
          35   -0.849421   -0.848339 0.000264523
          36   -0.849301   -0.848365 0.000258457
          37   -0.851032   -0.848437 0.000261502
          38   -0.848483   -0.848439  0.00025453
          39   -0.848941   -0.848452 0.000248253
          40   -0.847315   -0.848423 0.000243631
          41   -0.849917    -0.84846 0.000240393
          42   -0.849331    -0.84848 0.000235514
          43    -0.84608   -0.848424  0.00023665
          44   -0.847715   -0.848408 0.000231771
          45   -0.846616   -0.848369 0.000230036
          46   -0.850488   -0.848415  0.00022965
          47   -0.844917    -0.84834  0.00023671
          48   -0.848509   -0.848344 0.000231753
          49   -0.847824   -0.848333 0.000227222
          50   -0.847419   -0.848315 0.000223381
          51   -0.849488   -0.848338 0.000220162
          52   -0.849181   -0.848354 0.000216495
          53   -0.847072    -0.84833 0.000213744
          54   -0.848992   -0.848342 0.000210107
          55   -0.849605   -0.848365 0.000207526
          56   -0.849288   -0.848382 0.000204452
          57   -0.846629   -0.848351 0.000203172
          58   -0.848112   -0.848347 0.000199681
          59   -0.847331   -0.848329 0.000197021
          60   -0.848592   -0.848334 0.000193759
          61   -0.848576   -0.848338 0.000190598
          62   -0.850728   -0.848376 0.000191421
          63   -0.849589   -0.848396 0.000189339
          64    -0.84964   -0.848415 0.000187369
          65    -0.85008   -0.848441 0.000186233
          66   -0.848085   -0.848435 0.000183469
          67    -0.85236   -0.848494 0.000189967
          68   -0.844717   -0.848438 0.000195219
          69   -0.846688   -0.848413 0.000194034
          70   -0.849456   -0.848428 0.000191822
          71    -0.84692   -0.848407  0.00019029
          72   -0.851507    -0.84845 0.000192505
          73   -0.846328   -0.848421 0.000192061
          74   -0.848109   -0.848416 0.000189495
          75   -0.850336   -0.848442 0.000188695
          76   -0.848963   -0.848449 0.000186322
          77   -0.848907   -0.848455 0.000183982
          78   -0.851861   -0.848498 0.000186785
          79   -0.847293   -0.848483 0.000185036
          80   -0.848979   -0.848489 0.000182813
          81      -0.846   -0.848459 0.000183139
          82   -0.850792   -0.848487 0.000183116
          83   -0.848091   -0.848482  0.00018096
          84   -0.846256   -0.848456 0.000180746
          85   -0.850643   -0.848482 0.000180451
          86    -0.84712   -0.848466 0.000179042
          87   -0.852208   -0.848509 0.000182124
          88   -0.845581   -0.848476  0.00018309
          89   -0.850421   -0.848497 0.000182337
          90   -0.848019   -0.848492 0.000180378
          91   -0.845293   -0.848457 0.000181815
          92   -0.849632    -0.84847 0.000180281
          93   -0.849611   -0.848482 0.000178753
          94   -0.847619   -0.848473  0.00017708
          95   -0.849605   -0.848485 0.000175611
          96   -0.850093   -0.848501 0.000174578
          97   -0.849832   -0.848515 0.000173313
          98   -0.848848   -0.848519 0.000171569
          99   -0.846429   -0.848497 0.000171133
         100   -0.850749    -0.84852 0.000170903
