           1     1.36452     1.36452           0
           2     1.35705     1.36079  0.00373133
           3     1.36258     1.36138  0.00223539
           4     1.37223     1.36409  0.00313786
           5     1.35778     1.36283  0.00273935
           6      1.3684     1.36376  0.00242194
           7     1.35767     1.36289  0.00222396
           8     1.39317     1.36667   0.0042464
           9     1.33385     1.36303  0.00522749
          10     1.37456     1.36418  0.00481576
          11     1.34123     1.36209  0.00482986
          12     1.34052      1.3603  0.00476152
          13     1.35825     1.36014   0.0043828
          14     1.37274     1.36104  0.00415628
          15     1.35299      1.3605  0.00390635
          16     1.37286     1.36127  0.00373475
          17     1.34145     1.36011  0.00369692
          18       1.367     1.36049  0.00350644
          19     1.33725     1.35927   0.0035352
          20     1.37106     1.35986  0.00340524
          21     1.35909     1.35982  0.00323923
          22     1.35237     1.35948  0.00310699
          23     1.34677     1.35893  0.00301981
          24     1.36106     1.35902  0.00289261
          25     1.33045     1.35788  0.00300068
          26     1.36742     1.35824  0.00290622
          27     1.35595     1.35816   0.0027978
          28     1.36198     1.35829  0.00269948
          29     1.35044     1.35802  0.00261876
          30     1.34962     1.35774  0.00254542
          31     1.36451     1.35796   0.0024716
          32      1.3579     1.35796  0.00239311
          33     1.35318     1.35781  0.00232397
          34     1.34502     1.35744  0.00228576
          35     1.33986     1.35694  0.00227562
          36     1.32996     1.35619  0.00233502
          37      1.3794     1.35681  0.00235612
          38     1.35607     1.35679  0.00229337
          39     1.33552     1.35625  0.00229945
          40     1.39434      1.3572  0.00243511
          41     1.33098     1.35656  0.00245956
          42     1.38097     1.35714  0.00246961
          43     1.37316     1.35752   0.0024401
          44     1.41184     1.35875  0.00268469
          45     1.34425     1.35843  0.00264405
          46     1.34295     1.35809  0.00260773
          47     1.32329     1.35735   0.0026569
          48     1.34293     1.35705  0.00261826
          49     1.36173     1.35715  0.00256605
          50     1.36383     1.35728  0.00251776
          51     1.34902     1.35712  0.00247321
          52     1.35645      1.3571  0.00242522
          53     1.34988     1.35697  0.00238292
          54     1.37788     1.35736  0.00237023
          55     1.34393     1.35711  0.00233951
          56     1.36102     1.35718  0.00229841
          57     1.36154     1.35726  0.00225903
          58     1.36964     1.35747  0.00222997
          59     1.35323      1.3574  0.00219303
          60     1.37501     1.35769  0.00217605
          61     1.35042     1.35757   0.0021434
          62      1.3511     1.35747  0.00211113
          63     1.37311     1.35772  0.00209213
          64     1.37604       1.358  0.00207898
          65     1.33889     1.35771  0.00206777
          66     1.37459     1.35797   0.0020522
          67     1.34883     1.35783  0.00202592
          68     1.36666     1.35796  0.00200013
          69     1.36127     1.35801  0.00197151
          70     1.34003     1.35775  0.00196005
          71     1.34478     1.35757  0.00194087
          72     1.35921     1.35759  0.00191386
          73     1.34543     1.35742   0.0018948
          74     1.32705     1.35701  0.00191357
          75     1.34481     1.35685  0.00189488
          76      1.3263     1.35645  0.00191249
          77     1.34788     1.35634  0.00189077
          78     1.37334     1.35656  0.00187905
          79     1.33887     1.35633  0.00186857
          80     1.35358      1.3563  0.00184539
          81     1.33406     1.35602  0.00184303
          82     1.38043     1.35632  0.00184459
          83     1.34343     1.35616  0.00182884
          84     1.37578      1.3564  0.00182197
          85     1.37159     1.35658  0.00180926
          86     1.37004     1.35673  0.00179494
          87     1.33866     1.35653   0.0017863
          88     1.37206      1.3567  0.00177469
          89     1.34424     1.35656  0.00176021
          90     1.38093     1.35683  0.00176148
          91     1.35972     1.35686   0.0017423
          92     1.36028      1.3569  0.00172366
          93     1.37771     1.35713  0.00171964
          94     1.37351      1.3573  0.00171015
          95     1.35875     1.35732  0.00169212
          96      1.3726     1.35747  0.00168196
          97      1.3546     1.35744  0.00166479
          98     1.33979     1.35726  0.00165754
          99     1.34508     1.35714  0.00164532
         100     1.37608     1.35733  0.00163976
