           1    0.066032    0.066032           0
           2   0.0649933   0.0655127 0.000519333
           3   0.0557533   0.0622596   0.0032669
           4   0.0612947   0.0620183  0.00232261
           5   0.0631947   0.0622536   0.0018144
           6   0.0628213   0.0623482  0.00148447
           7    0.060164   0.0620362  0.00129283
           8   0.0579147    0.061521  0.00123247
           9   0.0603413   0.0613899  0.00109481
          10   0.0517467   0.0604256  0.00137434
          11   0.0647733   0.0608208  0.00130446
          12   0.0574973   0.0605439  0.00122259
          13   0.0601213   0.0605114  0.00112508
          14   0.0609013   0.0605392    0.001042
          15    0.059452   0.0604668 0.000972752
          16   0.0631787   0.0606363 0.000925577
          17   0.0551453   0.0603133 0.000927487
          18    0.067152   0.0606932 0.000953414
          19   0.0663187   0.0609893 0.000949197
          20    0.059832   0.0609314 0.000902345
          21    0.066456   0.0611945 0.000897714
          22   0.0564653   0.0609795 0.000882517
          23   0.0657853   0.0611885 0.000868775
          24   0.0484613   0.0606582 0.000986452
          25   0.0657427   0.0608615 0.000967783
          26   0.0413613   0.0601115   0.0011946
          27    0.059204   0.0600779     0.00115
          28   0.0551707   0.0599027  0.00112194
          29   0.0565307   0.0597864  0.00108879
          30     0.06742   0.0600408  0.00108221
          31   0.0506373   0.0597375  0.00108978
          32   0.0490453   0.0594034  0.00110682
          33   0.0690773   0.0596965  0.00111209
          34   0.0618453   0.0597597  0.00108073
          35   0.0575933   0.0596978  0.00105122
          36   0.0587373   0.0596711  0.00102195
          37   0.0598173   0.0596751 0.000993957
          38   0.0566147   0.0595946 0.000970793
          39   0.0626267   0.0596723 0.000948764
          40    0.058104   0.0596331 0.000925572
          41   0.0507027   0.0594153 0.000928621
          42    0.061932   0.0594752  0.00090822
          43   0.0652493   0.0596095 0.000896956
          44    0.055408    0.059514  0.00088152
          45    0.058544   0.0594924 0.000861978
          46   0.0584493   0.0594698 0.000843336
          47   0.0628987   0.0595427 0.000828416
          48   0.0633547   0.0596221 0.000814853
          49   0.0559067   0.0595463 0.000801644
          50    0.055324   0.0594619 0.000789974
          51   0.0703547   0.0596755 0.000803247
          52   0.0604067   0.0596895 0.000787774
          53   0.0563533   0.0596266 0.000775326
          54     0.05662   0.0595709 0.000762868
          55    0.063344   0.0596395 0.000752004
          56   0.0509347    0.059484 0.000754637
          57    0.055516   0.0594144 0.000744541
          58   0.0688773   0.0595776 0.000749563
          59    0.063632   0.0596463 0.000739947
          60   0.0583627   0.0596249 0.000727825
          61    0.055264   0.0595534 0.000719355
          62   0.0607573   0.0595728 0.000707924
          63   0.0534493   0.0594756 0.000703345
          64   0.0464453    0.059272 0.000721586
          65   0.0589373   0.0592669 0.000710417
          66   0.0746947   0.0595006  0.00073759
          67   0.0552973   0.0594379 0.000729202
          68   0.0574173   0.0594082 0.000719013
          69   0.0641493   0.0594769 0.000711839
          70   0.0614427    0.059505 0.000702158
          71   0.0688227   0.0596362 0.000704529
          72    0.061332   0.0596598 0.000695074
          73   0.0606387   0.0596732 0.000685617
          74   0.0555787   0.0596179 0.000678549
          75   0.0566547   0.0595783 0.000670605
          76    0.054604   0.0595129 0.000664952
          77   0.0613587   0.0595369 0.000656697
          78   0.0564707   0.0594976 0.000649414
          79    0.050764    0.059387 0.000650602
          80   0.0579093   0.0593685 0.000642683
          81   0.0569467   0.0593386 0.000635403
          82   0.0509693   0.0592366 0.000635852
          83   0.0561627   0.0591995 0.000629235
          84   0.0619907   0.0592328 0.000622586
          85   0.0556787   0.0591909 0.000616637
          86   0.0605853   0.0592072 0.000609641
          87   0.0641213   0.0592636 0.000605234
          88   0.0625027   0.0593005 0.000599448
          89    0.048864   0.0591832 0.000604163
          90   0.0580707   0.0591708 0.000597541
          91    0.057896   0.0591568 0.000591104
          92   0.0573333    0.059137 0.000584979
          93      0.0549   0.0590914 0.000580446
          94    0.053816   0.0590353 0.000576974
          95   0.0542547    0.058985 0.000573082
          96    0.065728   0.0590552 0.000571414
          97    0.060544   0.0590706 0.000565701
          98   0.0599907     0.05908 0.000559977
          99   0.0659413   0.0591493 0.000558608
         100   0.0710533   0.0592683 0.000565661
