           1    0.321951    0.321951           0
           2     0.36577    0.343861   0.0219093
           3    0.322951    0.336891   0.0144426
           4    0.340938    0.337903   0.0102624
           5    0.343657    0.339053  0.00803215
           6    0.317829    0.335516  0.00745143
           7    0.287336    0.328633  0.00932922
           8    0.328913    0.328668  0.00807942
           9    0.334397    0.329305  0.00715376
          10     0.31447    0.327821  0.00656824
          11    0.271745    0.322723  0.00782855
          12    0.342641    0.324383  0.00733668
          13    0.344249    0.325911  0.00691961
          14    0.315574    0.325173  0.00644872
          15    0.349786    0.326814  0.00622363
          16    0.329343    0.326972  0.00582382
          17    0.357345    0.328758   0.0057549
          18    0.340789    0.329427  0.00546679
          19    0.354615    0.330753   0.0053383
          20    0.321848    0.330307  0.00508388
          21    0.359077    0.331677  0.00502606
          22    0.332238    0.331703  0.00479223
          23    0.286463    0.329736  0.00498371
          24     0.34588    0.330409  0.00481873
          25    0.308434     0.32953   0.0047048
          26    0.353388    0.330447  0.00461243
          27    0.315475    0.329893  0.00447282
          28    0.339918    0.330251  0.00432496
          29    0.270947    0.328206  0.00464728
          30    0.343796    0.328725  0.00451967
          31    0.315223     0.32829  0.00439309
          32    0.291384    0.327136  0.00440717
          33    0.337233    0.327442  0.00428247
          34    0.302645    0.326713  0.00421814
          35    0.337451     0.32702  0.00410733
          36    0.293445    0.326087  0.00409911
          37    0.337658      0.3264  0.00399903
          38    0.317184    0.326157  0.00389992
          39    0.348856    0.326739  0.00384294
          40    0.357976     0.32752  0.00382617
          41    0.297735    0.326794  0.00380174
          42    0.326679    0.326791  0.00371012
          43    0.302074    0.326216  0.00366813
          44    0.267281    0.324877  0.00382592
          45    0.326714    0.324918  0.00374016
          46    0.304777     0.32448  0.00368406
          47    0.316612    0.324312  0.00360871
          48    0.320007    0.324223  0.00353387
          49     0.32651    0.324269  0.00346131
          50    0.349806     0.32478  0.00342962
          51    0.313504    0.324559  0.00336896
          52    0.302373    0.324132  0.00333098
          53    0.374717    0.325087  0.00340406
          54    0.341886    0.325398  0.00335489
          55    0.281045    0.324592  0.00339062
          56    0.318868    0.324489  0.00333109
          57    0.333382    0.324645  0.00327584
          58    0.303887    0.324287   0.0032387
          59    0.346332    0.324661  0.00320519
          60    0.319641    0.324577  0.00315243
          61    0.333269     0.32472  0.00310359
          62    0.327607    0.324766  0.00305348
          63    0.345156     0.32509    0.003022
          64    0.335078    0.325246   0.0029785
          65    0.325069    0.325243  0.00293232
          66    0.313802     0.32507  0.00289275
          67    0.320449    0.325001  0.00285008
          68    0.327314    0.325035  0.00280806
          69    0.289704    0.324523  0.00281404
          70    0.335194    0.324675  0.00277774
          71    0.334316    0.324811   0.0027417
          72    0.363261    0.325345  0.00275559
          73    0.294793    0.324927  0.00274962
          74    0.355647    0.325342  0.00274379
          75    0.326007    0.325351  0.00270698
          76    0.340247    0.325547   0.0026783
          77    0.314575    0.325404  0.00264713
          78     0.33247    0.325495  0.00261454
          79    0.354539    0.325863  0.00260728
          80    0.314224    0.325717  0.00257859
          81    0.323307    0.325687  0.00254673
          82    0.358525    0.326088  0.00254716
          83    0.307132    0.325859  0.00252663
          84    0.351265    0.326162  0.00251462
          85     0.35733    0.326528  0.00251177
          86    0.267581    0.325843  0.00257529
          87    0.381794    0.326486   0.0026255
          88    0.307284    0.326268  0.00260465
          89    0.369532    0.326754  0.00262069
          90    0.313204    0.326604  0.00259578
          91    0.315451    0.326481  0.00257002
          92    0.324369    0.326458  0.00254204
          93    0.328193    0.326477  0.00251462
          94    0.332378    0.326539  0.00248852
          95    0.334106    0.326619  0.00246347
          96    0.325694    0.326609   0.0024377
          97    0.331199    0.326657   0.0024129
          98    0.364876    0.327047  0.00241978
          99    0.330404    0.327081  0.00239546
         100    0.290414    0.326714  0.00239956
