           1     2.98222     2.98222           0
           2     3.07301     3.02762   0.0453962
           3      2.9451     3.00011   0.0379928
           4     3.01633     3.00417    0.027169
           5      2.9215     2.98763   0.0267623
           6     2.99196     2.98835   0.0218632
           7     2.93904     2.98131   0.0197753
           8     2.94659     2.97697   0.0176671
           9     2.91873      2.9705   0.0168711
          10     2.96761     2.97021   0.0150928
          11     3.11932     2.98376   0.0192384
          12     2.91114     2.97771   0.0185757
          13     2.97116     2.97721   0.0170946
          14     2.91266      2.9726   0.0164845
          15     2.99172     2.97387   0.0153991
          16     3.09258     2.98129    0.016203
          17     3.00407     2.98263   0.0152789
          18       3.029     2.98521   0.0146336
          19     2.98218     2.98505   0.0138429
          20     3.01546     2.98657   0.0132203
          21     2.98679     2.98658    0.012575
          22     2.96768     2.98572   0.0120205
          23      3.0589      2.9889   0.0119186
          24     2.91248     2.98572   0.0118471
          25     3.05199     2.98837   0.0116685
          26     2.91745     2.98564   0.0115377
          27     2.95388     2.98446   0.0111643
          28     2.95619     2.98346   0.0108055
          29     3.08589     2.98699   0.0110083
          30     3.01121      2.9878   0.0106657
          31     2.99192     2.98793   0.0103167
          32     2.92822     2.98606   0.0101619
          33     2.98701     2.98609  0.00984924
          34     3.05802     2.98821  0.00978654
          35     2.99374     2.98836  0.00950413
          36     3.06735     2.99056  0.00949335
          37     2.99215      2.9906  0.00923331
          38     3.00609     2.99101  0.00899628
          39     2.98414     2.99083  0.00876434
          40      2.8938     2.98841  0.00888016
          41     3.01536     2.98906  0.00868578
          42     2.97945     2.98884  0.00847954
          43      2.8723     2.98613  0.00871223
          44     2.92621     2.98476  0.00862016
          45     2.98796     2.98483  0.00842672
          46     3.00555     2.98529  0.00825379
          47     2.95671     2.98468  0.00809912
          48     2.90092     2.98293  0.00811833
          49     2.93143     2.98188  0.00802008
          50     2.90124     2.98027  0.00802183
          51     3.07167     2.98206  0.00806463
          52      2.9734     2.98189  0.00790977
          53     2.94419     2.98118  0.00779164
          54      3.0263     2.98202  0.00769151
          55     3.03627       2.983  0.00761453
          56     2.95536     2.98251  0.00749359
          57     2.94616     2.98187  0.00738853
          58     3.05423     2.98312  0.00736642
          59     2.96592     2.98283  0.00724636
          60     2.94322     2.98217  0.00715507
          61     2.88946     2.98065  0.00719907
          62     2.91551      2.9796   0.0071595
          63     3.06071     2.98089  0.00716162
          64     3.00477     2.98126   0.0070587
          65     3.07019     2.98263  0.00708266
          66     3.02741     2.98331  0.00700745
          67     2.95912     2.98294  0.00691151
          68     3.03143     2.98366  0.00684634
          69     2.91092      2.9826  0.00682825
          70     3.00444     2.98292  0.00673723
          71     3.00062     2.98317  0.00664633
          72     3.03166     2.98384   0.0065879
          73     3.03494     2.98454  0.00653463
          74     3.05789     2.98553  0.00652148
          75     2.92892     2.98478  0.00647806
          76     2.99687     2.98493  0.00639424
          77     2.94304     2.98439  0.00633406
          78     3.01638      2.9848  0.00626576
          79     2.97055     2.98462  0.00618857
          80     3.08145     2.98583  0.00622944
          81     2.88853     2.98463  0.00626824
          82     2.96639     2.98441  0.00619532
          83     2.97599      2.9843  0.00612106
          84     3.01392     2.98466  0.00605802
          85     2.96307      2.9844  0.00599171
          86     3.06213     2.98531  0.00599021
          87     3.03423     2.98587   0.0059476
          88     3.02475     2.98631  0.00589621
          89     3.04094     2.98693  0.00586181
          90     3.01697     2.98726  0.00580592
          91     3.02436     2.98767  0.00575622
          92     2.94047     2.98715  0.00571637
          93     2.86304     2.98582  0.00580992
          94     2.98588     2.98582  0.00574778
          95     2.99751     2.98594  0.00568828
          96     3.00013     2.98609  0.00563066
          97     2.97315     2.98596   0.0055739
          98     2.95392     2.98563  0.00552641
          99     3.03843     2.98616  0.00549624
         100     2.90812     2.98538  0.00549668
