           1    0.024772    0.024772           0
           2   0.0261507   0.0254613 0.000689333
           3   0.0257053   0.0255427 0.000406212
           4   0.0274173   0.0260113 0.000549684
           5    0.022008   0.0252107  0.00090684
           6   0.0239093   0.0249938 0.000771544
           7   0.0255373   0.0250714 0.000656681
           8     0.02948   0.0256225 0.000791898
           9    0.028716   0.0259662  0.00077839
          10      0.0233   0.0256996  0.00074552
          11     0.01968   0.0251524 0.000868454
          12   0.0272987   0.0253312 0.000812712
          13     0.02654   0.0254242 0.000753347
          14    0.028684    0.025657 0.000735304
          15   0.0279987   0.0258132 0.000702105
          16   0.0247653   0.0257477 0.000660016
          17     0.03006   0.0260013 0.000669865
          18    0.027428   0.0260806 0.000636508
          19   0.0234667    0.025943 0.000617595
          20   0.0263293   0.0259623  0.00058622
          21   0.0268053   0.0260025  0.00055905
          22   0.0259227   0.0259988 0.000533045
          23   0.0265293   0.0260219 0.000509864
          24   0.0214333   0.0258307 0.000524263
          25   0.0260453   0.0258393 0.000502929
          26   0.0261947    0.025853 0.000483392
          27    0.022184   0.0257171 0.000484587
          28    0.030412   0.0258848 0.000496152
          29    0.025356   0.0258665 0.000479084
          30   0.0239573   0.0258029 0.000467194
          31   0.0234493    0.025727 0.000458206
          32   0.0234733   0.0256565 0.000449211
          33    0.024592   0.0256243 0.000436579
          34   0.0267987   0.0256588  0.00042495
          35    0.026084    0.025671 0.000412809
          36   0.0268427   0.0257035 0.000402496
          37     0.02292   0.0256283  0.00039863
          38   0.0289773   0.0257164 0.000397881
          39    0.025364   0.0257074  0.00038765
          40   0.0286693   0.0257814 0.000385023
          41     0.02936   0.0258687 0.000385525
          42   0.0334333   0.0260488 0.000417123
          43    0.027892   0.0260917 0.000409556
          44   0.0365187   0.0263287 0.000465048
          45   0.0301627   0.0264139 0.000462511
          46   0.0290213   0.0264706 0.000455883
          47   0.0204427   0.0263423 0.000464149
          48   0.0280267   0.0263774 0.000455729
          49   0.0271147   0.0263924 0.000446585
          50   0.0251387   0.0263674  0.00043828
          51   0.0259733   0.0263596  0.00042967
          52   0.0308187   0.0264454 0.000429964
          53   0.0292267   0.0264979 0.000425025
          54   0.0303467   0.0265691 0.000423126
          55     0.02296   0.0265035 0.000420513
          56   0.0296187   0.0265591 0.000416666
          57    0.028508   0.0265933 0.000410716
          58   0.0321747   0.0266896 0.000414887
          59   0.0287533   0.0267245 0.000409292
          60    0.029176   0.0267654 0.000404481
          61   0.0302133   0.0268219 0.000401791
          62    0.028316    0.026846 0.000395991
          63   0.0275973   0.0268579 0.000389838
          64   0.0242627   0.0268174 0.000385835
          65   0.0292333   0.0268546 0.000381667
          66     0.02472   0.0268222 0.000377228
          67   0.0250173   0.0267953 0.000372531
          68     0.02544   0.0267754 0.000367552
          69   0.0237293   0.0267312 0.000364867
          70   0.0312533   0.0267958 0.000365373
          71   0.0252427   0.0267739 0.000360854
          72   0.0239573   0.0267348 0.000357951
          73    0.027344   0.0267432 0.000353112
          74    0.028012   0.0267603 0.000348729
          75   0.0258107   0.0267476 0.000344281
          76   0.0304573   0.0267965 0.000343209
          77   0.0276373   0.0268074 0.000338899
          78    0.026776    0.026807 0.000334526
          79   0.0297027   0.0268436 0.000332292
          80   0.0257067   0.0268294  0.00032842
          81   0.0232253   0.0267849 0.000327378
          82   0.0256507   0.0267711 0.000323656
          83   0.0263893   0.0267665 0.000319766
          84   0.0239227   0.0267326 0.000317745
          85   0.0258907   0.0267227 0.000314141
          86   0.0285453   0.0267439 0.000311189
          87   0.0265693   0.0267419 0.000307598
          88   0.0295373   0.0267737 0.000305737
          89    0.031728   0.0268293 0.000307365
          90   0.0321573   0.0268885 0.000309643
          91   0.0276267   0.0268967 0.000306329
          92    0.025924   0.0268861 0.000303165
          93     0.02358   0.0268505 0.000301987
          94    0.032092   0.0269063 0.000303916
          95   0.0266947   0.0269041 0.000300709
          96   0.0250693    0.026885 0.000298173
          97   0.0314973   0.0269325 0.000298889
          98   0.0252547   0.0269154 0.000296319
          99    0.027156   0.0269178 0.000293321
         100   0.0282733   0.0269314 0.000290689
