           1    -0.50576    -0.50576           0
           2   -0.504944   -0.505352    0.000408
           3    -0.50536   -0.505355 0.000235574
           4   -0.505656    -0.50543 0.000182819
           5   -0.505061   -0.505356 0.000159657
           6   -0.503987   -0.505128 0.000262867
           7   -0.507232   -0.505429 0.000373764
           8   -0.507024   -0.505628 0.000380193
           9   -0.504803   -0.505536 0.000347613
          10   -0.506821   -0.505665 0.000336424
          11   -0.503875   -0.505502 0.000345089
          12   -0.504659   -0.505432 0.000322767
          13   -0.505611   -0.505446 0.000297221
          14   -0.503864   -0.505333 0.000297459
          15   -0.502949   -0.505174 0.000319262
          16   -0.504363   -0.505123 0.000302913
          17   -0.505456   -0.505143 0.000285211
          18   -0.504888   -0.505128 0.000269271
          19   -0.504723   -0.505107 0.000255599
          20   -0.504221   -0.505063 0.000246493
          21   -0.504245   -0.505024 0.000237672
          22      -0.504   -0.504977 0.000231341
          23   -0.503155   -0.504898 0.000234829
          24   -0.504536   -0.504883 0.000225337
          25   -0.504109   -0.504852  0.00021834
          26     -0.5046   -0.504842 0.000209998
          27   -0.507096   -0.504926 0.000218631
          28   -0.504381   -0.504906 0.000211574
          29   -0.504984   -0.504909 0.000204166
          30   -0.506259   -0.504954 0.000202308
          31   -0.505277   -0.504964 0.000195951
          32   -0.504429   -0.504948 0.000190464
          33   -0.504728   -0.504941 0.000184722
          34   -0.503501   -0.504899 0.000184142
          35   -0.505115   -0.504905  0.00017891
          36   -0.504139   -0.504884 0.000175167
          37   -0.506032   -0.504915 0.000173171
          38   -0.505792   -0.504938 0.000170126
          39    -0.50476   -0.504933 0.000165769
          40   -0.503859   -0.504906  0.00016379
          41   -0.505603   -0.504923 0.000160645
          42   -0.502312   -0.504861 0.000168653
          43   -0.503637   -0.504833 0.000167125
          44   -0.502749   -0.504785 0.000170009
          45   -0.506915   -0.504833 0.000172793
          46   -0.504845   -0.504833 0.000168995
          47   -0.503733    -0.50481 0.000167007
          48   -0.504549   -0.504804 0.000163581
          49   -0.504536   -0.504799 0.000160301
          50   -0.503197   -0.504767 0.000160294
          51   -0.505909   -0.504789  0.00015871
          52   -0.503477   -0.504764 0.000157659
          53   -0.504563    -0.50476 0.000154702
          54   -0.503997   -0.504746 0.000152465
          55   -0.505131   -0.504753 0.000149831
          56   -0.504419   -0.504747 0.000147252
          57   -0.504709   -0.504746 0.000144647
          58   -0.503416   -0.504723  0.00014397
          59   -0.504808   -0.504725 0.000141516
          60   -0.505563   -0.504739 0.000139837
          61   -0.503163   -0.504713 0.000139931
          62   -0.504955   -0.504717 0.000137711
          63   -0.506795    -0.50475 0.000139464
          64   -0.505517   -0.504762  0.00013779
          65   -0.503904   -0.504749 0.000136294
          66   -0.503952   -0.504736 0.000134755
          67   -0.504317    -0.50473 0.000132875
          68   -0.505907   -0.504748 0.000132045
          69   -0.505379   -0.504757 0.000130438
          70   -0.505795   -0.504772 0.000129414
          71   -0.504627   -0.504769 0.000127594
          72   -0.503685   -0.504754 0.000126708
          73   -0.504133   -0.504746 0.000125249
          74   -0.506069   -0.504764 0.000124833
          75   -0.504187   -0.504756 0.000123397
          76   -0.505091    -0.50476 0.000121842
          77   -0.505157   -0.504766  0.00012036
          78   -0.504483   -0.504762 0.000118862
          79   -0.503731   -0.504749 0.000118072
          80   -0.504261   -0.504743 0.000116746
          81   -0.505128   -0.504748 0.000115394
          82   -0.503781   -0.504736 0.000114585
          83   -0.504197   -0.504729 0.000113382
          84     -0.5032   -0.504711 0.000113494
          85   -0.504749   -0.504712 0.000112152
          86   -0.502896    -0.50469 0.000112833
          87   -0.502003    -0.50466 0.000115728
          88   -0.504904   -0.504662 0.000114439
          89   -0.505627   -0.504673 0.000113664
          90   -0.506381   -0.504692 0.000113985
          91   -0.504509    -0.50469 0.000112743
          92   -0.504515   -0.504688 0.000111527
          93   -0.504592   -0.504687 0.000110326
          94   -0.504451   -0.504685 0.000109175
          95   -0.504392   -0.504682 0.000108064
          96   -0.504741   -0.504682 0.000106934
          97    -0.50472   -0.504683 0.000105827
          98   -0.507312   -0.504709 0.000108123
          99   -0.504907   -0.504711 0.000107044
         100      -0.504   -0.504704 0.000106207
