           1    0.032092    0.032092           0
           2   0.0332107   0.0326513 0.000559333
           3   0.0315533   0.0322853 0.000488099
           4     0.02918    0.031509 0.000849596
           5   0.0285453   0.0309163 0.000885675
           6    0.029992   0.0307622 0.000739376
           7   0.0331267      0.0311 0.000710336
           8   0.0276613   0.0306702  0.00075046
           9   0.0304507   0.0306458 0.000662292
          10   0.0296573   0.0305469 0.000600562
          11    0.024104   0.0299612 0.000798854
          12   0.0324667     0.03017  0.00075855
          13    0.027708   0.0299806 0.000723009
          14   0.0327853    0.030181 0.000698713
          15   0.0317853   0.0302879 0.000659201
          16   0.0311467   0.0303416 0.000618958
          17   0.0270973   0.0301507 0.000611929
          18    0.031544   0.0302281 0.000582101
          19   0.0240173   0.0299013 0.000640334
          20   0.0305227   0.0299323 0.000608268
          21   0.0293973   0.0299069 0.000579139
          22   0.0291747   0.0298736  0.00055319
          23   0.0279933   0.0297918 0.000534875
          24   0.0251933   0.0296002 0.000546775
          25    0.028564   0.0295588 0.000526083
          26   0.0298707   0.0295708 0.000505587
          27     0.02912   0.0295541 0.000486787
          28   0.0248613   0.0293865 0.000498122
          29   0.0328493   0.0295059 0.000495249
          30   0.0341133   0.0296595 0.000502501
          31   0.0323293   0.0297456 0.000493593
          32   0.0296067   0.0297413 0.000477939
          33   0.0302893   0.0297579 0.000463527
          34   0.0259893    0.029647 0.000463146
          35   0.0317733   0.0297078 0.000453804
          36   0.0277907   0.0296545 0.000444221
          37    0.031692   0.0297096 0.000435544
          38   0.0316987   0.0297619 0.000427146
          39   0.0304053   0.0297784 0.000416377
          40    0.028192   0.0297388 0.000407767
          41    0.030264   0.0297516 0.000397904
          42   0.0338947   0.0298502 0.000400648
          43   0.0248573   0.0297341 0.000408087
          44   0.0320173    0.029786 0.000402067
          45   0.0306707   0.0298057 0.000393522
          46   0.0331827   0.0298791 0.000391812
          47      0.0369   0.0300285 0.000411459
          48    0.035144    0.030135 0.000416656
          49   0.0263453   0.0300577 0.000415329
          50   0.0262067   0.0299807 0.000414162
          51    0.034164   0.0300627 0.000414164
          52    0.031596   0.0300922  0.00040719
          53   0.0333027   0.0301528 0.000404001
          54    0.028732   0.0301264 0.000397321
          55   0.0332147   0.0301826 0.000394051
          56   0.0321773   0.0302182 0.000388586
          57   0.0298253   0.0302113  0.00038177
          58   0.0346067   0.0302871 0.000382708
          59   0.0293867   0.0302718 0.000376475
          60   0.0322747   0.0303052  0.00037165
          61   0.0296067   0.0302938 0.000365686
          62   0.0343507   0.0303592 0.000365642
          63   0.0330627   0.0304021 0.000362341
          64    0.036564   0.0304984 0.000369402
          65   0.0288893   0.0304736 0.000364516
          66   0.0324173   0.0305031 0.000360157
          67     0.03312   0.0305421 0.000356884
          68   0.0282427   0.0305083 0.000353219
          69    0.031492   0.0305226 0.000348354
          70    0.031068   0.0305304  0.00034343
          71   0.0333133   0.0305696  0.00034082
          72    0.031968    0.030589 0.000336614
          73   0.0312027   0.0305974 0.000332077
          74    0.032872   0.0306281 0.000328998
          75    0.028756   0.0306032  0.00032554
          76   0.0328013   0.0306321 0.000322527
          77   0.0302133   0.0306267 0.000318358
          78   0.0326467   0.0306526 0.000315315
          79    0.032396   0.0306746 0.000312079
          80   0.0303453   0.0306705 0.000308181
          81   0.0309187   0.0306736 0.000304368
          82   0.0227933   0.0305775  0.00031562
          83    0.032064   0.0305954 0.000312308
          84   0.0337067   0.0306324 0.000310782
          85   0.0280493    0.030602 0.000308604
          86    0.034164   0.0306435 0.000307794
          87   0.0307067   0.0306442 0.000304237
          88   0.0244853   0.0305742 0.000308795
          89     0.03358    0.030608 0.000307168
          90   0.0315653   0.0306186 0.000303922
          91   0.0268613   0.0305773 0.000303387
          92   0.0323293   0.0305964 0.000300674
          93   0.0282107   0.0305707 0.000298528
          94   0.0277387   0.0305406 0.000296868
          95    0.030944   0.0305448 0.000293757
          96   0.0321133   0.0305612  0.00029114
          97   0.0342933   0.0305996  0.00029068
          98   0.0268973   0.0305619 0.000290169
          99    0.030172   0.0305579  0.00028725
         100   0.0310373   0.0305627 0.000284403
