           1    0.198044    0.198044           0
           2    0.193903    0.195974  0.00207067
           3    0.197876    0.196608   0.0013532
           4    0.197562    0.196846 0.000986143
           5    0.197648    0.197007 0.000780523
           6    0.198602    0.197272 0.000690535
           7    0.200375    0.197716 0.000732854
           8    0.195113     0.19739 0.000713197
           9    0.198978    0.197567 0.000653241
          10    0.194179    0.197228 0.000675383
          11    0.197921    0.197291 0.000614149
          12    0.198696    0.197408 0.000572727
          13    0.198037    0.197456 0.000529048
          14     0.19694     0.19742 0.000491188
          15    0.195258    0.197275 0.000479431
          16    0.194316     0.19709 0.000485101
          17    0.195619    0.197004 0.000463824
          18    0.195114    0.196899  0.00044973
          19    0.196342     0.19687 0.000426412
          20    0.197336    0.196893 0.000405202
          21    0.198058    0.196948 0.000389396
          22    0.196496    0.196928 0.000371843
          23    0.195669    0.196873 0.000359501
          24    0.200341    0.197018 0.000373288
          25    0.198404    0.197073 0.000362316
          26    0.194547    0.196976 0.000361404
          27    0.196163    0.196946 0.000349063
          28    0.197225    0.196956 0.000336513
          29    0.197106    0.196961 0.000324744
          30    0.195945    0.196927 0.000315554
          31    0.195687    0.196887 0.000307817
          32    0.196245    0.196867 0.000298717
          33    0.193887    0.196777 0.000303278
          34    0.195958    0.196753 0.000295206
          35     0.19793    0.196786 0.000288615
          36    0.194884    0.196733 0.000285418
          37    0.192212    0.196611 0.000303301
          38    0.197524    0.196635 0.000296187
          39    0.197456    0.196656 0.000289258
          40     0.20021    0.196745 0.000295603
          41    0.197537    0.196764  0.00028895
          42     0.19232    0.196659 0.000301189
          43    0.198242    0.196695 0.000296397
          44    0.198567    0.196738 0.000292689
          45    0.198745    0.196783 0.000289567
          46     0.19822    0.196814  0.00028492
          47    0.195295    0.196781  0.00028066
          48    0.198652     0.19682   0.0002775
          49    0.196109    0.196806 0.000272165
          50    0.194883    0.196767 0.000269425
          51    0.194751    0.196728 0.000267032
          52    0.196725    0.196728 0.000261847
          53    0.196633    0.196726 0.000256865
          54    0.195973    0.196712 0.000252449
          55    0.198334    0.196742 0.000249565
          56    0.198385    0.196771 0.000246819
          57    0.198058    0.196794   0.0002435
          58    0.195942    0.196779 0.000239715
          59    0.196593    0.196776 0.000235638
          60    0.195105    0.196748 0.000233344
          61    0.196239     0.19674 0.000229639
          62    0.199522    0.196784  0.00023032
          63    0.195951    0.196771 0.000227021
          64    0.197111    0.196777 0.000223508
          65    0.194237    0.196737 0.000223484
          66    0.195507    0.196719 0.000220861
          67    0.195261    0.196697 0.000218625
          68    0.201138    0.196762 0.000225068
          69    0.197504    0.196773 0.000222043
          70    0.194625    0.196742 0.000220989
          71    0.196059    0.196733 0.000218067
          72    0.198571    0.196758 0.000216527
          73    0.195735    0.196744    0.000214
          74    0.194974     0.19672  0.00021244
          75    0.197072    0.196725  0.00020964
          76    0.198831    0.196753 0.000208711
          77    0.197026    0.196756 0.000206013
          78    0.196314    0.196751 0.000203434
          79    0.198468    0.196772 0.000202015
          80    0.197384     0.19678  0.00019962
          81    0.194374     0.19675 0.000199365
          82    0.197231    0.196756 0.000197006
          83    0.199023    0.196783 0.000196524
          84    0.198177      0.1968 0.000194878
          85    0.196255    0.196794 0.000192679
          86    0.200342    0.196835 0.000194843
          87    0.196086    0.196826 0.000192783
          88    0.192925    0.196782 0.000195667
          89    0.195988    0.196773 0.000193661
          90    0.195482    0.196759 0.000192034
          91    0.199078    0.196784 0.000191615
          92    0.194965    0.196764  0.00019055
          93    0.196414    0.196761 0.000188528
          94    0.197895    0.196773 0.000186901
          95    0.196874    0.196774 0.000184927
          96    0.195306    0.196758 0.000183628
          97    0.197069    0.196762 0.000181753
          98    0.195041    0.196744 0.000180744
          99    0.198562    0.196762 0.000179849
         100    0.198303    0.196778 0.000178706
