           1      15.631      15.631           0
           2     15.1328     15.3819    0.249085
           3     14.9374     15.2337    0.206486
           4       14.51     15.0528    0.232503
           5     15.6926     15.1807    0.220924
           6     15.1168     15.1701    0.180698
           7      14.884     15.1292    0.158091
           8     15.6835     15.1985    0.153445
           9     14.0928     15.0757    0.182777
          10     15.2273     15.0908    0.164182
          11     15.8117     15.1564    0.162327
          12     13.9549     15.0562    0.178834
          13     16.3963     15.1593    0.194133
          14     14.9241     15.1425    0.180516
          15     14.9952     15.1327    0.168338
          16     15.5929     15.1615    0.160072
          17     14.6891     15.1337    0.152907
          18     15.6289     15.1612    0.146764
          19     15.2375     15.1652    0.138882
          20     15.1858     15.1662     0.13176
          21     15.4991     15.1821    0.126327
          22      15.778     15.2092    0.123456
          23     16.2457     15.2542    0.126281
          24     14.5497     15.2249    0.124418
          25     15.0686     15.2186    0.119501
          26     15.1013     15.2141    0.114902
          27      15.507      15.225    0.111095
          28     15.2636     15.2263    0.107063
          29     15.5363      15.237    0.103856
          30     15.0191     15.2298    0.100598
          31     15.9923     15.2544    0.100359
          32     15.1034     15.2496    0.097287
          33     15.1856     15.2477   0.0943129
          34     14.8997     15.2375   0.0920676
          35     15.6215     15.2484   0.0900694
          36     15.7651     15.2628   0.0887005
          37     16.0311     15.2836   0.0887335
          38     15.3683     15.2858   0.0863957
          39     15.1532     15.2824   0.0842199
          40     15.1245     15.2784   0.0821823
          41     15.9931     15.2959   0.0820262
          42     15.6187     15.3036   0.0804177
          43     15.2849     15.3031   0.0785264
          44     14.5764     15.2866   0.0784788
          45     14.5938     15.2712   0.0782444
          46     15.7175     15.2809    0.077137
          47     14.5107     15.2645   0.0772365
          48     14.8462     15.2558   0.0761109
          49     15.3219     15.2572   0.0745536
          50     15.2459     15.2569   0.0730477
          51     15.1112     15.2541    0.071658
          52     15.9693     15.2678      0.0716
          53     15.4852     15.2719   0.0703557
          54     15.1283     15.2693   0.0690917
          55     15.9817     15.2822   0.0690497
          56     15.3065     15.2827   0.0678068
          57     14.7356     15.2731   0.0672946
          58      15.877     15.2835   0.0669391
          59     14.8024     15.2753    0.066298
          60     15.7712     15.2836   0.0657055
          61     15.1534     15.2815   0.0646546
          62     15.1266      15.279   0.0636523
          63     16.0315     15.2909   0.0637625
          64     14.1685     15.2734   0.0651625
          65     16.6302     15.2942   0.0674629
          66     14.9697     15.2893   0.0666145
          67     16.5184     15.3077    0.068129
          68     14.8553      15.301   0.0674486
          69      15.061     15.2975   0.0665548
          70     15.3356     15.2981   0.0655994
          71     14.4011     15.2854   0.0658914
          72     16.0253     15.2957   0.0657774
          73     15.2409      15.295   0.0648745
          74      15.097     15.2923   0.0640477
          75     15.1556     15.2905   0.0632142
          76     15.4832      15.293   0.0624285
          77     15.5798     15.2967   0.0617249
          78     16.6169     15.3137   0.0632356
          79     14.3849     15.3019   0.0635272
          80     14.9002     15.2969   0.0629288
          81     14.4497     15.2864   0.0630209
          82     15.9481     15.2945   0.0627684
          83     15.2354     15.2938   0.0620116
          84     14.8563     15.2886   0.0614899
          85     15.5372     15.2915   0.0608325
          86     14.5676     15.2831   0.0607074
          87     16.0806     15.2922   0.0607017
          88     14.6071     15.2845   0.0605109
          89      15.891     15.2913    0.060214
          90     14.3647      15.281   0.0604248
          91     15.2466     15.2806   0.0597583
          92     15.0818     15.2784   0.0591447
          93     15.7102     15.2831   0.0586891
          94     14.7893     15.2778   0.0582986
          95     15.6608     15.2819   0.0578223
          96     14.7172      15.276   0.0575184
          97     14.8825     15.2719   0.0570667
          98     15.1534     15.2707   0.0564943
          99     14.3131      15.261   0.0567511
         100     15.1001     15.2594   0.0562038
