           1    0.918239    0.918239           0
           2    0.848391    0.883315    0.034924
           3    0.828407    0.865012   0.0272314
           4    0.842404     0.85936   0.0200679
           5    0.889543    0.865397   0.0166755
           6    0.936097     0.87718   0.0180064
           7    0.899839    0.880417   0.0155586
           8    0.919105    0.885253   0.0143158
           9    0.917724    0.888861   0.0131307
          10    0.887135    0.888688   0.0117457
          11    0.945973    0.893896   0.0118321
          12    0.872644    0.892125   0.0109454
          13    0.925381    0.894683   0.0103882
          14    0.946112    0.898357   0.0102953
          15    0.894667    0.898111  0.00958756
          16    0.933856    0.900345  0.00924242
          17      0.7352     0.89063   0.0130285
          18    0.939929    0.893369    0.012585
          19    0.916532    0.894588   0.0119665
          20    0.892627     0.89449   0.0113529
          21    0.847588    0.892257   0.0110273
          22    0.950148    0.894888   0.0108384
          23    0.890848    0.894713   0.0103579
          24    0.946335    0.896863   0.0101475
          25    0.907107    0.897273  0.00974179
          26    0.859529    0.895821  0.00947151
          27    0.928655    0.897038  0.00919474
          28    0.900944    0.897177  0.00886137
          29    0.812411    0.894254  0.00903616
          30    0.909712    0.894769  0.00874496
          31    0.809805    0.892029  0.00889113
          32    0.954645    0.893985  0.00882839
          33    0.913221    0.894568  0.00857651
          34    0.867504    0.893772  0.00835843
          35    0.927656     0.89474  0.00817364
          36    0.879532    0.894318  0.00795458
          37     0.82646    0.892484  0.00795101
          38      0.9246    0.893329  0.00778496
          39    0.922231     0.89407  0.00761884
          40    0.936509    0.895131  0.00750134
          41    0.841681    0.893827  0.00743133
          42    0.898909    0.893948  0.00725325
          43    0.900777    0.894107  0.00708434
          44     0.95284    0.895442    0.007049
          45    0.801743     0.89336  0.00719831
          46    0.925255    0.894053  0.00707414
          47    0.926379    0.894741  0.00695608
          48    0.874149    0.894312  0.00682312
          49    0.918761    0.894811  0.00670102
          50    0.872343    0.894362  0.00658099
          51    0.947555    0.895405  0.00653444
          52    0.729077    0.892206  0.00716154
          53    0.895539    0.892269   0.0070254
          54    0.887997     0.89219  0.00689453
          55    0.904812    0.892419   0.0067719
          56    0.891863    0.892409  0.00664988
          57    0.911431    0.892743   0.0065407
          58    0.924855    0.893297  0.00645074
          59    0.884272    0.893144  0.00634231
          60    0.943777    0.893988  0.00629255
          61    0.946873    0.894855  0.00624897
          62    0.939595    0.895576  0.00618956
          63    0.927819    0.896088  0.00611199
          64    0.824616    0.894971  0.00611851
          65     0.72868    0.892413  0.00654441
          66    0.836237    0.891562  0.00650045
          67    0.926384    0.892082  0.00642375
          68    0.922405    0.892527  0.00634427
          69    0.928593     0.89305  0.00627347
          70    0.938424    0.893698  0.00621708
          71    0.878824    0.893489  0.00613247
          72    0.822851    0.892508  0.00612577
          73    0.923172    0.892928  0.00605586
          74    0.893071     0.89293  0.00597346
          75    0.928315    0.893402  0.00591213
          76    0.866625    0.893049  0.00584445
          77    0.944343    0.893715  0.00580639
          78    0.924407    0.894109  0.00574496
          79    0.816881    0.893131   0.0057554
          80    0.917084    0.893431  0.00569088
          81    0.814821     0.89246  0.00570336
          82    0.822903    0.891612  0.00569688
          83    0.913832     0.89188  0.00563419
          84    0.926036    0.892286  0.00558155
          85    0.887159    0.892226  0.00551582
          86    0.954976    0.892956  0.00549992
          87    0.876364    0.892765  0.00543968
          88    0.930504    0.893194  0.00539458
          89    0.898127    0.893249  0.00533391
          90    0.961517    0.894008  0.00532858
          91    0.802685    0.893004   0.0053644
          92      0.8443    0.892475  0.00533212
          93    0.847671    0.891993  0.00529643
          94    0.946551    0.892573  0.00527183
          95     0.82262    0.891837  0.00526776
          96    0.927096    0.892204  0.00522552
          97    0.885792    0.892138  0.00517179
          98    0.914569    0.892367  0.00512386
          99    0.913245    0.892578  0.00507622
         100    0.830007    0.891952  0.00506401
