           1   -0.761784   -0.761784           0
           2   -0.762355   -0.762069 0.000285333
           3   -0.761227   -0.761788 0.000325633
           4   -0.760629   -0.761499 0.000370121
           5   -0.761581   -0.761515 0.000287171
           6   -0.761637   -0.761536 0.000235356
           7   -0.760688   -0.761414 0.000232865
           8   -0.760984   -0.761361 0.000208723
           9   -0.762755   -0.761516 0.000240571
          10   -0.760936   -0.761458 0.000222842
          11   -0.760171   -0.761341 0.000233061
          12   -0.760965   -0.761309  0.00021504
          13   -0.762835   -0.761427  0.00022999
          14   -0.761107   -0.761404 0.000214152
          15   -0.764371   -0.761602 0.000280834
          16   -0.761464   -0.761593 0.000262836
          17   -0.761171   -0.761568 0.000248139
          18   -0.759883   -0.761475 0.000251991
          19   -0.760651   -0.761431 0.000242272
          20   -0.761827   -0.761451 0.000230688
          21   -0.760981   -0.761429 0.000220565
          22   -0.759957   -0.761362 0.000220677
          23   -0.762749   -0.761422 0.000219325
          24   -0.761955   -0.761444 0.000211158
          25   -0.764173   -0.761553 0.000230081
          26   -0.761211    -0.76154 0.000221448
          27   -0.760936   -0.761518  0.00021426
          28   -0.761416   -0.761514 0.000206498
          29   -0.763637   -0.761587 0.000212275
          30   -0.762701   -0.761625 0.000208411
          31   -0.762648   -0.761658 0.000204262
          32   -0.760907   -0.761634 0.000199163
          33   -0.763501   -0.761691 0.000201156
          34   -0.759403   -0.761623 0.000206427
          35   -0.763181   -0.761668 0.000205325
          36   -0.763229   -0.761711   0.0002042
          37   -0.762843   -0.761742 0.000200944
          38   -0.759907   -0.761694 0.000201459
          39   -0.761408   -0.761686 0.000196362
          40   -0.761672   -0.761686  0.00019139
          41   -0.761973   -0.761693 0.000186796
          42   -0.761368   -0.761685 0.000182458
          43   -0.761768   -0.761687 0.000178175
          44   -0.759912   -0.761647 0.000178692
          45   -0.764504    -0.76171 0.000185858
          46   -0.761389   -0.761703 0.000181906
          47   -0.759571   -0.761658 0.000183686
          48   -0.760563   -0.761635 0.000181261
          49   -0.762019   -0.761643 0.000177695
          50   -0.760045   -0.761611 0.000177013
          51   -0.760907   -0.761597 0.000174056
          52   -0.759933   -0.761565 0.000173649
          53   -0.761109   -0.761557 0.000170558
          54   -0.763133   -0.761586 0.000169898
          55   -0.762032   -0.761594 0.000166977
          56   -0.759845   -0.761563 0.000166915
          57    -0.75984   -0.761532 0.000166722
          58   -0.761752   -0.761536 0.000163866
          59   -0.759989    -0.76151 0.000163185
          60   -0.762939   -0.761534 0.000162199
          61   -0.762891   -0.761556 0.000161062
          62   -0.761731   -0.761559 0.000158468
          63   -0.760243   -0.761538 0.000157325
          64   -0.760541   -0.761522 0.000155629
          65   -0.759731   -0.761495 0.000155676
          66    -0.76192   -0.761501 0.000153434
          67   -0.763083   -0.761525 0.000152959
          68   -0.758376   -0.761479 0.000157647
          69   -0.760091   -0.761458 0.000156642
          70   -0.760613   -0.761446 0.000154859
          71   -0.760408   -0.761432 0.000153362
          72    -0.76172   -0.761436  0.00015127
          73   -0.762493    -0.76145 0.000149885
          74   -0.761672   -0.761453 0.000147876
          75   -0.761971    -0.76146 0.000146054
          76   -0.763419   -0.761486 0.000146405
          77   -0.763144   -0.761507 0.000146087
          78   -0.759899   -0.761487  0.00014567
          79   -0.763536   -0.761513 0.000146134
          80   -0.760728   -0.761503 0.000144629
          81   -0.761125   -0.761498 0.000142909
          82   -0.759509   -0.761474 0.000143224
          83   -0.760504   -0.761462  0.00014197
          84   -0.766349   -0.761521 0.000151856
          85   -0.757816   -0.761477  0.00015626
          86   -0.763875   -0.761505 0.000156929
          87   -0.762883   -0.761521 0.000155921
          88   -0.761629   -0.761522 0.000154144
          89   -0.761117   -0.761517  0.00015247
          90    -0.75972   -0.761497 0.000152083
          91   -0.763235   -0.761516 0.000151609
          92   -0.760427   -0.761505 0.000150419
          93   -0.763085   -0.761522 0.000149761
          94   -0.763763   -0.761545 0.000150065
          95   -0.762619   -0.761557 0.000148906
          96   -0.760213   -0.761543  0.00014801
          97   -0.762243    -0.76155 0.000146654
          98   -0.762083   -0.761555 0.000145251
          99   -0.762387   -0.761564 0.000144021
         100   -0.761176    -0.76156 0.000142627
