           1   0.0501267   0.0501267           0
           2   0.0519827   0.0510547    0.000928
           3    0.055356   0.0524884  0.00153061
           4   0.0562947     0.05344  0.00144113
           5    0.053428   0.0534376   0.0011163
           6   0.0438267   0.0518358  0.00184298
           7   0.0562773   0.0524703  0.00168188
           8   0.0476173   0.0518637  0.00157783
           9   0.0556627   0.0522858  0.00145413
          10   0.0545107   0.0525083   0.0013195
          11   0.0513453   0.0524025  0.00119821
          12    0.048792   0.0521017  0.00113444
          13   0.0563133   0.0524256  0.00109266
          14   0.0495467     0.05222   0.0010323
          15    0.039832   0.0513941  0.00126713
          16   0.0453307   0.0510152   0.0012444
          17   0.0497413   0.0509402  0.00117131
          18   0.0542653    0.051125  0.00111966
          19   0.0497533   0.0510528  0.00106155
          20    0.051448   0.0510725  0.00100727
          21   0.0514973   0.0510928  0.00095832
          22   0.0508067   0.0510798 0.000913815
          23   0.0450467   0.0508174 0.000911729
          24   0.0462627   0.0506277 0.000893306
          25   0.0549107    0.050799 0.000873789
          26    0.048756   0.0507204 0.000843178
          27   0.0455387   0.0505285 0.000833738
          28   0.0439067    0.050292 0.000837494
          29   0.0615507   0.0506802 0.000896519
          30    0.054704   0.0508144 0.000876444
          31    0.045252   0.0506349 0.000866482
          32    0.050348    0.050626 0.000839015
          33   0.0499773   0.0506063 0.000813431
          34    0.051532   0.0506335 0.000789613
          35   0.0486493   0.0505768 0.000768814
          36   0.0474827   0.0504909  0.00075208
          37   0.0560413   0.0506409 0.000746695
          38   0.0528907   0.0507001 0.000729187
          39   0.0487253   0.0506495 0.000712047
          40   0.0520493   0.0506845 0.000694899
          41   0.0534507   0.0507519 0.000681089
          42   0.0498467   0.0507304 0.000665024
          43    0.043056   0.0505519 0.000673453
          44    0.045428   0.0504355 0.000668196
          45    0.049496   0.0504146 0.000653512
          46   0.0604093   0.0506319 0.000675069
          47   0.0540893   0.0507054 0.000664633
          48   0.0402493   0.0504876 0.000686137
          49   0.0483387   0.0504437 0.000673418
          50   0.0511307   0.0504575 0.000659955
          51   0.0583547   0.0506123  0.00066516
          52   0.0542267   0.0506818 0.000655936
          53    0.046624   0.0506053  0.00064798
          54    0.052812   0.0506461 0.000637179
          55     0.05594   0.0507424 0.000632849
          56   0.0541907    0.050804 0.000624489
          57   0.0467107   0.0507321 0.000617624
          58    0.048424   0.0506923 0.000608186
          59   0.0408893   0.0505262  0.00062045
          60    0.057932   0.0506496 0.000622383
          61    0.047924   0.0506049 0.000613724
          62    0.042832   0.0504796 0.000616623
          63    0.041196   0.0503322 0.000624394
          64   0.0523093   0.0503631 0.000615337
          65    0.050692   0.0503682 0.000605817
          66    0.043628    0.050266 0.000605245
          67   0.0548507   0.0503345 0.000600058
          68   0.0412733   0.0502012 0.000605999
          69    0.048384   0.0501749 0.000597733
          70   0.0454747   0.0501077 0.000592946
          71   0.0549667   0.0501762 0.000588527
          72   0.0503947   0.0501792 0.000580304
          73   0.0541227   0.0502332 0.000574843
          74    0.059892   0.0503637  0.00058185
          75   0.0506693   0.0503678 0.000574054
          76   0.0521573   0.0503914  0.00056694
          77   0.0456773   0.0503301 0.000562868
          78   0.0495253   0.0503198 0.000555701
          79   0.0545453   0.0503733 0.000551223
          80   0.0511347   0.0503828 0.000544372
          81   0.0634867   0.0505446 0.000561422
          82   0.0533987   0.0505794 0.000555625
          83    0.049284   0.0505638 0.000549111
          84   0.0538573    0.050603  0.00054395
          85   0.0516973   0.0506159 0.000537667
          86    0.056528   0.0506846 0.000535806
          87    0.043344   0.0506003 0.000536291
          88    0.049188   0.0505842 0.000530404
          89   0.0487893    0.050564 0.000524799
          90   0.0477133   0.0505324 0.000519901
          91   0.0414533   0.0504326 0.000523746
          92        0.05   0.0504279 0.000518043
          93   0.0549453   0.0504765  0.00051474
          94    0.046012    0.050429 0.000511444
          95    0.050824   0.0504331 0.000506049
          96   0.0407293   0.0503321  0.00051085
          97   0.0503787   0.0503325 0.000505557
          98   0.0466267   0.0502947 0.000501798
          99   0.0555067   0.0503474 0.000499486
         100    0.054024   0.0503841 0.000495831
