           1   -0.529325   -0.529325           0
           2   -0.527701   -0.528513    0.000812
           3   -0.527725   -0.528251 0.000537378
           4   -0.527203   -0.527989 0.000461553
           5   -0.528277   -0.528046 0.000362149
           6   -0.528728    -0.52816 0.000316764
           7   -0.529013   -0.528282 0.000294163
           8   -0.528813   -0.528348 0.000263271
           9   -0.529192   -0.528442 0.000250393
          10   -0.529133   -0.528511 0.000234383
          11   -0.528432   -0.528504  0.00021213
          12   -0.529443   -0.528582 0.000208849
          13    -0.52852   -0.528577 0.000192173
          14   -0.529461   -0.528641 0.000188788
          15   -0.527997   -0.528598 0.000180908
          16   -0.528261   -0.528577 0.000170524
          17   -0.527093   -0.528489 0.000182403
          18   -0.528715   -0.528502 0.000172426
          19   -0.527931   -0.528472 0.000165847
          20   -0.529368   -0.528517 0.000163592
          21   -0.527229   -0.528455 0.000167247
          22   -0.526981   -0.528388 0.000172968
          23   -0.529909   -0.528454 0.000178015
          24   -0.527576   -0.528418 0.000174323
          25   -0.529728    -0.52847 0.000175224
          26   -0.530381   -0.528544 0.000183696
          27   -0.529315   -0.528572 0.000179052
          28   -0.529072    -0.52859  0.00017346
          29    -0.52888     -0.5286 0.000167669
          30   -0.527461   -0.528562 0.000166373
          31   -0.528869   -0.528572 0.000161221
          32   -0.528931   -0.528583 0.000156503
          33   -0.529605   -0.528614 0.000154816
          34   -0.528957   -0.528624 0.000150532
          35   -0.528675   -0.528626 0.000146175
          36   -0.527155   -0.528585 0.000147818
          37   -0.528472   -0.528582 0.000143799
          38   -0.527264   -0.528547 0.000144197
          39   -0.528925   -0.528557 0.000140785
          40   -0.528488   -0.528555 0.000137231
          41    -0.52868   -0.528558 0.000133877
          42   -0.527552   -0.528534 0.000132829
          43   -0.527285   -0.528505 0.000132916
          44   -0.527765   -0.528488 0.000130944
          45   -0.527115   -0.528458 0.000131591
          46   -0.530581   -0.528504 0.000136727
          47   -0.528739   -0.528509 0.000133879
          48   -0.528259   -0.528504 0.000131164
          49   -0.529568   -0.528526 0.000130282
          50   -0.528736    -0.52853 0.000127719
          51    -0.52892   -0.528537 0.000125424
          52   -0.529037   -0.528547 0.000123363
          53   -0.529173   -0.528559 0.000121589
          54   -0.529064   -0.528568 0.000119682
          55   -0.526363   -0.528528 0.000124141
          56   -0.527763   -0.528514 0.000122668
          57   -0.527352   -0.528494  0.00012221
          58   -0.528501   -0.528494 0.000120085
          59   -0.527491   -0.528477 0.000119251
          60   -0.526701   -0.528448 0.000120925
          61   -0.528299   -0.528445 0.000118951
          62   -0.526619   -0.528416 0.000120668
          63   -0.526843   -0.528391 0.000121334
          64   -0.528853   -0.528398 0.000119641
          65   -0.528837   -0.528405  0.00011798
          66   -0.528635   -0.528408 0.000116231
          67   -0.528784   -0.528414  0.00011462
          68   -0.528272   -0.528412 0.000112942
          69   -0.526925    -0.52839 0.000113358
          70   -0.529632   -0.528408 0.000113127
          71   -0.528253   -0.528406 0.000111543
          72   -0.529997   -0.528428 0.000112183
          73   -0.527872    -0.52842 0.000110897
          74   -0.527067   -0.528402 0.000110907
          75   -0.528181   -0.528399 0.000109458
          76   -0.530104   -0.528421 0.000110313
          77   -0.529749   -0.528439 0.000110229
          78   -0.529077   -0.528447 0.000109114
          79    -0.52736   -0.528433 0.000108599
          80   -0.528813   -0.528438 0.000107338
          81   -0.527741   -0.528429 0.000106353
          82    -0.52844   -0.528429 0.000105048
          83   -0.529533   -0.528443 0.000104623
          84   -0.529992   -0.528461 0.000105003
          85   -0.528053   -0.528456 0.000103871
          86   -0.528693   -0.528459 0.000102693
          87   -0.528667   -0.528461 0.000101534
          88   -0.526064   -0.528434 0.000104005
          89   -0.529709   -0.528449 0.000103823
          90   -0.527891   -0.528442  0.00010285
          91   -0.528531   -0.528443 0.000101718
          92   -0.529653   -0.528456 0.000101463
          93   -0.528749    -0.52846 0.000100415
          94   -0.527427   -0.528449 9.99471e-05
          95   -0.528621    -0.52845 9.89061e-05
          96   -0.528757   -0.528454 9.79226e-05
          97   -0.526352   -0.528432 9.93004e-05
          98   -0.528792   -0.528436 9.83505e-05
          99   -0.529496   -0.528446 9.79394e-05
         100   -0.528483   -0.528447 9.69558e-05
