           1   -0.461299   -0.461299           0
           2   -0.462629   -0.461964 0.000665333
           3     -0.4618   -0.461909 0.000388001
           4   -0.463603   -0.462333 0.000504463
           5   -0.460645   -0.461995 0.000516308
           6   -0.462157   -0.462022 0.000422429
           7   -0.460528   -0.461809 0.000415965
           8   -0.462493   -0.461894  0.00037026
           9   -0.460848   -0.461778 0.000346618
          10    -0.46028   -0.461628 0.000344321
          11   -0.460581   -0.461533 0.000325668
          12   -0.462909   -0.461648 0.000318648
          13   -0.462075   -0.461681 0.000294947
          14   -0.461117    -0.46164 0.000276016
          15   -0.462291   -0.461684 0.000260588
          16   -0.461808   -0.461692 0.000243882
          17   -0.460312    -0.46161 0.000243034
          18   -0.462109   -0.461638 0.000230806
          19   -0.460968   -0.461603  0.00022115
          20   -0.462213   -0.461633 0.000212011
          21   -0.462704   -0.461684 0.000208008
          22   -0.459272   -0.461575 0.000226621
          23   -0.459488   -0.461484 0.000234781
          24   -0.462877   -0.461542 0.000232163
          25   -0.463576   -0.461623  0.00023708
          26   -0.460421   -0.461577 0.000232424
          27   -0.459989   -0.461518 0.000231252
          28   -0.460773   -0.461492 0.000224423
          29   -0.461797   -0.461502 0.000216802
          30   -0.459424   -0.461433  0.00022061
          31   -0.461424   -0.461433 0.000213375
          32   -0.460403     -0.4614 0.000209092
          33   -0.460843   -0.461384  0.00020336
          34   -0.461701   -0.461393  0.00019751
          35   -0.461397   -0.461393 0.000191784
          36   -0.462288   -0.461418 0.000188031
          37   -0.464077    -0.46149 0.000196496
          38   -0.462096   -0.461506 0.000191919
          39    -0.46268   -0.461536 0.000189343
          40   -0.461856   -0.461544 0.000184722
          41   -0.463595   -0.461594 0.000186975
          42   -0.463067   -0.461629 0.000185808
          43   -0.463845    -0.46168 0.000188615
          44   -0.463517   -0.461722 0.000188947
          45   -0.462144   -0.461732 0.000184939
          46   -0.461853   -0.461734 0.000180893
          47   -0.461224   -0.461723 0.000177335
          48   -0.461877   -0.461727 0.000173631
          49   -0.461704   -0.461726 0.000170051
          50   -0.461589   -0.461723 0.000166638
          51   -0.461011   -0.461709 0.000163934
          52   -0.462411   -0.461723 0.000161315
          53   -0.462963   -0.461746 0.000159962
          54   -0.461352   -0.461739 0.000157142
          55   -0.462227   -0.461748 0.000154513
          56   -0.462771   -0.461766 0.000152824
          57   -0.461885   -0.461768 0.000150133
          58   -0.462856   -0.461787 0.000148709
          59   -0.460691   -0.461768 0.000147343
          60   -0.462427   -0.461779 0.000145282
          61   -0.462496   -0.461791 0.000143362
          62   -0.461277   -0.461783 0.000141274
          63   -0.462216    -0.46179 0.000139184
          64   -0.462104   -0.461795  0.00013708
          65   -0.459851   -0.461765 0.000138229
          66   -0.462261   -0.461772 0.000136326
          67   -0.461832   -0.461773 0.000134279
          68   -0.462416   -0.461783 0.000132627
          69   -0.461827   -0.461783 0.000130692
          70   -0.462621   -0.461795 0.000129367
          71   -0.461864   -0.461796 0.000127535
          72   -0.461957   -0.461798 0.000125771
          73   -0.460904   -0.461786  0.00012464
          74   -0.461165   -0.461778  0.00012323
          75   -0.463333   -0.461799 0.000123333
          76   -0.461872   -0.461799 0.000121703
          77   -0.460627   -0.461784 0.000121074
          78   -0.461512   -0.461781 0.000119562
          79   -0.462216   -0.461786 0.000118168
          80   -0.461301    -0.46178 0.000116839
          81   -0.463336   -0.461799 0.000116975
          82   -0.461168   -0.461792 0.000115796
          83   -0.460808    -0.46178 0.000115004
          84   -0.462795   -0.461792 0.000114268
          85   -0.460808    -0.46178 0.000113507
          86   -0.462608    -0.46179 0.000112591
          87   -0.461195   -0.461783   0.0001115
          88   -0.462443   -0.461791  0.00011048
          89    -0.46212   -0.461794 0.000109294
          90   -0.462568   -0.461803 0.000108415
          91   -0.462781   -0.461814 0.000107754
          92   -0.461157   -0.461807 0.000106815
          93   -0.462541   -0.461814 0.000105955
          94   -0.464112   -0.461839 0.000107634
          95   -0.461944    -0.46184 0.000106501
          96   -0.462229   -0.461844 0.000105464
          97   -0.461197   -0.461837 0.000104583
          98   -0.459264   -0.461811  0.00010679
          99   -0.462045   -0.461813 0.000105732
         100   -0.461979   -0.461815 0.000104682
