           1    -0.93608    -0.93608           0
           2   -0.938205   -0.937143  0.00106267
           3   -0.933501   -0.935929  0.00136003
           4   -0.934275   -0.935515  0.00104684
           5   -0.936509   -0.935714  0.00083489
           6   -0.932541   -0.935185 0.000862742
           7   -0.934944   -0.935151 0.000729965
           8   -0.933851   -0.934988 0.000652725
           9   -0.937621   -0.935281 0.000645725
          10   -0.935496   -0.935302 0.000577955
          11   -0.937035    -0.93546 0.000545984
          12   -0.937944   -0.935667 0.000539693
          13   -0.937293   -0.935792 0.000511967
          14   -0.937072   -0.935883 0.000482727
          15   -0.938363   -0.936049 0.000478825
          16   -0.933605   -0.935896 0.000473218
          17   -0.939203   -0.936091 0.000485205
          18   -0.934701   -0.936013  0.00046392
          19   -0.935523   -0.935988 0.000439584
          20   -0.935416   -0.935959 0.000418004
          21   -0.934051   -0.935868 0.000407853
          22   -0.936971   -0.935918 0.000392089
          23   -0.932155   -0.935755 0.000408828
          24    -0.93844   -0.935866 0.000407102
          25   -0.936589   -0.935895 0.000391548
          26   -0.935909   -0.935896 0.000376187
          27   -0.935539   -0.935883 0.000362228
          28   -0.930925   -0.935706 0.000391386
          29    -0.93348   -0.935629 0.000385368
          30   -0.936549    -0.93566 0.000373563
          31   -0.932688   -0.935564 0.000373811
          32   -0.935216   -0.935553 0.000362104
          33   -0.936285   -0.935575 0.000351661
          34   -0.930635    -0.93543 0.000370816
          35   -0.932744   -0.935353 0.000368151
          36   -0.936248   -0.935378 0.000358641
          37   -0.933637   -0.935331 0.000351971
          38   -0.934315   -0.935304 0.000343626
          39   -0.930536   -0.935182 0.000356329
          40   -0.933696   -0.935145 0.000349288
          41    -0.93708   -0.935192 0.000343917
          42   -0.931072   -0.935094 0.000349669
          43   -0.938821    -0.93518 0.000352273
          44   -0.933795   -0.935149 0.000345612
          45   -0.931659   -0.935071 0.000346633
          46   -0.933469   -0.935037 0.000340798
          47   -0.932709   -0.934987 0.000337125
          48   -0.932517   -0.934936 0.000334013
          49   -0.937368   -0.934985 0.000330871
          50    -0.93416   -0.934969 0.000324605
          51   -0.934291   -0.934955 0.000318455
          52   -0.936507   -0.934985 0.000313692
          53   -0.935752      -0.935 0.000308056
          54   -0.936608    -0.93503 0.000303761
          55   -0.936048   -0.935048 0.000298762
          56   -0.937189   -0.935086 0.000295859
          57   -0.936099   -0.935104 0.000291165
          58   -0.936605    -0.93513 0.000287269
          59   -0.931853   -0.935074 0.000287768
          60   -0.937661   -0.935118 0.000286197
          61   -0.934365   -0.935105 0.000281737
          62   -0.935813   -0.935117  0.00027739
          63   -0.935781   -0.935127 0.000273156
          64   -0.938973   -0.935187 0.000275489
          65   -0.930605   -0.935117 0.000280228
          66   -0.933776   -0.935096 0.000276696
          67   -0.937573   -0.935133 0.000275031
          68   -0.937605    -0.93517 0.000273384
          69   -0.933005   -0.935138 0.000271213
          70   -0.936029   -0.935151 0.000267613
          71    -0.93744   -0.935183 0.000265779
          72   -0.932571   -0.935147 0.000264562
          73   -0.935059   -0.935146 0.000260916
          74   -0.934645   -0.935139 0.000257455
          75   -0.933736    -0.93512 0.000254687
          76   -0.931621   -0.935074 0.000255496
          77   -0.931491   -0.935028 0.000256415
          78   -0.933075   -0.935003 0.000254342
          79   -0.935371   -0.935007 0.000251145
          80   -0.937893   -0.935043 0.000250596
          81   -0.930323   -0.934985 0.000254253
          82   -0.933197   -0.934963 0.000252078
          83   -0.935208   -0.934966  0.00024904
          84   -0.939368   -0.935019 0.000251575
          85   -0.938613   -0.935061 0.000252169
          86   -0.935141   -0.935062 0.000249221
          87   -0.934683   -0.935058 0.000246378
          88   -0.934779   -0.935054 0.000243583
          89   -0.937003   -0.935076 0.000241823
          90   -0.932456   -0.935047 0.000240887
          91   -0.934053   -0.935036 0.000238476
          92   -0.935781   -0.935044 0.000236008
          93   -0.935584    -0.93505 0.000233529
          94   -0.938648   -0.935088  0.00023418
          95   -0.937325   -0.935112 0.000232895
          96   -0.938069   -0.935143 0.000232506
          97   -0.929475   -0.935084 0.000237401
          98    -0.93308   -0.935064 0.000235854
          99   -0.939371   -0.935107 0.000237478
         100   -0.935773   -0.935114 0.000235186
