           1    0.427495    0.427495           0
           2    0.416575    0.422035  0.00546026
           3    0.437882    0.427318  0.00615162
           4    0.444499    0.431613  0.00611323
           5    0.399034    0.425097  0.00805479
           6     0.43851    0.427333  0.00694628
           7    0.405427    0.424203  0.00665263
           8    0.418867    0.423536  0.00579984
           9    0.421762    0.423339  0.00511878
          10    0.431212    0.424126  0.00464557
          11    0.411786    0.423005  0.00434925
          12     0.43928    0.424361  0.00419556
          13    0.386227    0.421427  0.00484761
          14    0.447757    0.423308  0.00486614
          15    0.406739    0.422204  0.00466286
          16    0.428691    0.422609  0.00438052
          17    0.402504    0.421426  0.00428136
          18    0.427552    0.421767  0.00405082
          19    0.412668    0.421288  0.00386151
          20    0.435882    0.422017  0.00373531
          21     0.42778    0.422292  0.00356357
          22    0.399703    0.421265  0.00354948
          23    0.412192    0.420871  0.00341451
          24    0.414373      0.4206  0.00328034
          25    0.421184    0.420623  0.00314648
          26    0.423987    0.420753   0.0030258
          27    0.420243    0.420734  0.00291164
          28    0.413733    0.420484  0.00281685
          29    0.414614    0.420281   0.0027255
          30     0.41245     0.42002    0.002646
          31    0.418471     0.41997  0.00255971
          32     0.41774    0.419901   0.0024794
          33    0.433002    0.420298  0.00243567
          34    0.409418    0.419978  0.00238452
          35    0.431458    0.420306   0.0023385
          36    0.414919    0.420156  0.00227754
          37    0.407533    0.419815  0.00224125
          38    0.410592    0.419572  0.00219493
          39    0.407368    0.419259  0.00216069
          40    0.424673    0.419395  0.00211032
          41    0.410534    0.419178  0.00206952
          42    0.458944    0.420125  0.00223056
          43     0.43074    0.420372  0.00219202
          44    0.415319    0.420257   0.0021447
          45    0.405418    0.419928  0.00212227
          46    0.425084     0.42004  0.00207865
          47    0.449269    0.420662  0.00212689
          48    0.396016    0.420148  0.00214449
          49     0.41609    0.420065   0.0021019
          50    0.396033    0.419585  0.00211477
          51    0.416288     0.41952   0.0020739
          52    0.412231     0.41938  0.00203845
          53    0.404857    0.419106  0.00201831
          54    0.427943    0.419269  0.00198733
          55    0.434453    0.419545   0.0019703
          56    0.416384    0.419489  0.00193562
          57    0.430405    0.419681  0.00191097
          58    0.409911    0.419512  0.00188528
          59    0.439656    0.419854  0.00188424
          60    0.420826     0.41987  0.00185264
          61    0.407042    0.419659  0.00183411
          62    0.427847    0.419791  0.00180911
          63    0.399839    0.419475  0.00180812
          64    0.446091    0.419891  0.00182759
          65    0.408527    0.419716  0.00180772
          66    0.410383    0.419574  0.00178573
          67    0.429464    0.419722  0.00176506
          68     0.44027    0.420024  0.00176497
          69    0.438583    0.420293  0.00175988
          70     0.39907     0.41999  0.00176085
          71    0.430053    0.420132  0.00174165
          72    0.407267    0.419953  0.00172656
          73     0.42252    0.419988  0.00170311
          74    0.422299    0.420019  0.00168023
          75    0.402447    0.419785  0.00167415
          76    0.406902    0.419616  0.00166065
          77    0.443084     0.41992  0.00166704
          78    0.410361    0.419798  0.00165008
          79    0.418327    0.419779  0.00162917
          80    0.415265    0.419723  0.00160967
          81    0.417763    0.419699  0.00158985
          82    0.438951    0.419933   0.0015878
          83    0.416203    0.419888   0.0015692
          84    0.399426    0.419645  0.00156942
          85    0.407822    0.419506  0.00155707
          86    0.420484    0.419517   0.0015389
          87    0.432399    0.419665   0.0015283
          88    0.414169    0.419603  0.00151213
          89    0.428234      0.4197  0.00149818
          90    0.447399    0.420007  0.00151307
          91      0.4278    0.420093   0.0014988
          92    0.434387    0.420248  0.00149054
          93    0.426536    0.420316  0.00147598
          94    0.431257    0.420432  0.00146482
          95    0.448236    0.420725  0.00147857
          96     0.42529    0.420773  0.00146386
          97    0.427621    0.420843  0.00145041
          98    0.419112    0.420826  0.00143565
          99    0.394108    0.420556  0.00144647
         100    0.434867    0.420699  0.00143907
