           1    0.366475    0.366475           0
           2    0.374108    0.370291  0.00381691
           3    0.365158     0.36858  0.00279011
           4    0.368648    0.368597  0.00197298
           5    0.375368    0.369951  0.00204194
           6    0.369903    0.369943  0.00166726
           7    0.372264    0.370275  0.00144758
           8    0.378182    0.371263  0.00159644
           9    0.367444    0.370839  0.00147049
          10    0.368056    0.370561  0.00134436
          11     0.37775    0.371214  0.00138051
          12    0.368862    0.371018  0.00127538
          13    0.364498    0.370517  0.00127591
          14    0.370968    0.370549  0.00118171
          15    0.368296    0.370399  0.00111031
          16    0.364469    0.370028  0.00110274
          17     0.37283    0.370193  0.00104887
          18    0.368811    0.370116  0.00099186
          19    0.369259    0.370071  0.00093929
          20     0.36753    0.369944 0.000900101
          21    0.371109    0.369999 0.000857962
          22     0.36964    0.369983 0.000818198
          23    0.371693    0.370057 0.000785342
          24    0.369139    0.370019 0.000752881
          25    0.369369    0.369993 0.000722607
          26    0.367352    0.369892 0.000701648
          27    0.374374    0.370058 0.000695275
          28    0.378661    0.370365 0.000737085
          29    0.371324    0.370398 0.000711982
          30    0.370467      0.3704 0.000687844
          31    0.368534     0.37034 0.000668003
          32     0.36026    0.370025 0.000719419
          33    0.372474    0.370099 0.000701215
          34    0.362638     0.36988 0.000714798
          35    0.374368    0.370008 0.000705821
          36     0.37138    0.370046 0.000686993
          37    0.376212    0.370213 0.000688636
          38    0.379783    0.370465 0.000716018
          39    0.374025    0.370556 0.000703368
          40    0.376934    0.370715 0.000703855
          41    0.370201    0.370703 0.000686588
          42    0.380572    0.370938 0.000710051
          43     0.36623    0.370828 0.000701931
          44    0.364414    0.370683 0.000701118
          45    0.372504    0.370723 0.000686554
          46    0.374083    0.370796 0.000675424
          47    0.362037     0.37061 0.000686668
          48    0.367229    0.370539 0.000675889
          49    0.374976     0.37063 0.000668116
          50    0.370093    0.370619 0.000654705
          51    0.372241    0.370651 0.000642527
          52    0.367729    0.370595 0.000632551
          53     0.37224    0.370626 0.000621277
          54    0.367768    0.370573 0.000611956
          55    0.371644    0.370592 0.000601042
          56    0.372755    0.370631 0.000591474
          57    0.375443    0.370715 0.000587106
          58    0.372446    0.370745 0.000577666
          59    0.370811    0.370746 0.000567792
          60    0.372973    0.370783 0.000559481
          61    0.381045    0.370952 0.000575374
          62    0.371745    0.370964 0.000566163
          63    0.375097     0.37103 0.000560952
          64    0.370375     0.37102 0.000552212
          65    0.371951    0.371034 0.000543839
          66    0.378445    0.371146  0.00054718
          67    0.372673    0.371169 0.000539433
          68    0.370959    0.371166  0.00053145
          69    0.365622    0.371086 0.000529819
          70    0.368762    0.371053 0.000523249
          71    0.367475    0.371002 0.000518282
          72    0.379441    0.371119 0.000524302
          73    0.365613    0.371044 0.000522542
          74    0.372675    0.371066 0.000515903
          75    0.367408    0.371017  0.00051131
          76    0.374467    0.371063 0.000506574
          77    0.364696     0.37098 0.000506743
          78    0.373432    0.371011 0.000501191
          79    0.366892    0.370959 0.000497546
          80    0.376603     0.37103 0.000496327
          81    0.369742    0.371014 0.000490419
          82    0.371543     0.37102 0.000484445
          83    0.378625    0.371112 0.000487264
          84     0.37988    0.371216 0.000492614
          85    0.374317    0.371253 0.000488149
          86    0.370455    0.371244 0.000482528
          87    0.367229    0.371197 0.000479176
          88    0.373289    0.371221 0.000474296
          89    0.379417    0.371313 0.000477892
          90    0.366554     0.37126 0.000475502
          91    0.370489    0.371252 0.000470324
          92    0.377514     0.37132 0.000470136
          93    0.368046    0.371285 0.000466384
          94    0.371772     0.37129 0.000461425
          95    0.365326    0.371227 0.000460838
          96    0.368956    0.371203 0.000456626
          97    0.369764    0.371189 0.000452138
          98     0.36829    0.371159 0.000448477
          99    0.379658    0.371245 0.000452148
         100    0.366788      0.3712 0.000449817
