           1   -0.553632   -0.553632           0
           2   -0.554883   -0.554257 0.000625333
           3   -0.555085   -0.554533 0.000454448
           4   -0.555061   -0.554665 0.000347398
           5   -0.554517   -0.554636 0.000270717
           6    -0.55508    -0.55471 0.000233111
           7   -0.555683   -0.554849 0.000241105
           8   -0.555997   -0.554992   0.0002534
           9   -0.553549   -0.554832 0.000275044
          10   -0.554285   -0.554777 0.000252007
          11   -0.552387    -0.55456 0.000314952
          12   -0.554827   -0.554582 0.000288368
          13    -0.55468    -0.55459 0.000265366
          14   -0.555027   -0.554621 0.000247656
          15   -0.554992   -0.554646 0.000231878
          16   -0.555192    -0.55468 0.000219573
          17   -0.553315     -0.5546 0.000221335
          18   -0.555573   -0.554654 0.000215575
          19   -0.554379   -0.554639 0.000204427
          20   -0.553667   -0.554591 0.000199939
          21   -0.553792   -0.554553 0.000193944
          22   -0.554915   -0.554569  0.00018565
          23   -0.554827    -0.55458 0.000177748
          24   -0.554424   -0.554574 0.000170305
          25   -0.553728    -0.55454 0.000166817
          26   -0.554685   -0.554545  0.00016037
          27   -0.555195   -0.554569 0.000156178
          28   -0.553595   -0.554535 0.000154471
          29   -0.555667   -0.554574 0.000154076
          30   -0.557003   -0.554655 0.000169447
          31   -0.555184   -0.554672 0.000164777
          32   -0.554469   -0.554665  0.00015967
          33   -0.553595   -0.554633 0.000158121
          34   -0.553912   -0.554612 0.000154858
          35   -0.553923   -0.554592 0.000151652
          36   -0.556349   -0.554641 0.000155253
          37   -0.555128   -0.554654 0.000151571
          38   -0.555555   -0.554678  0.00014942
          39   -0.554736   -0.554679 0.000145546
          40   -0.552781   -0.554632 0.000149585
          41   -0.554464   -0.554628 0.000145949
          42   -0.555085   -0.554639 0.000142847
          43   -0.555744   -0.554664 0.000141835
          44   -0.554219   -0.554654 0.000138944
          45   -0.554893   -0.554659 0.000135925
          46   -0.555229   -0.554672 0.000133513
          47   -0.553216   -0.554641 0.000134264
          48   -0.554117    -0.55463 0.000131889
          49    -0.55448   -0.554627 0.000129205
          50   -0.555952   -0.554653 0.000129339
          51   -0.555176   -0.554664 0.000127191
          52   -0.554595   -0.554662 0.000124728
          53   -0.553013   -0.554631 0.000126246
          54    -0.55528   -0.554643 0.000124467
          55   -0.553325   -0.554619 0.000124511
          56   -0.555149   -0.554629 0.000122633
          57   -0.555464   -0.554643  0.00012135
          58    -0.55352   -0.554624 0.000120803
          59   -0.555584    -0.55464 0.000119847
          60   -0.553787   -0.554626 0.000118688
          61   -0.554216   -0.554619  0.00011692
          62   -0.555408   -0.554632  0.00011572
          63   -0.554693   -0.554633 0.000113872
          64   -0.554619   -0.554633 0.000112079
          65   -0.553341   -0.554613 0.000112116
          66   -0.555515   -0.554627 0.000111246
          67   -0.554067   -0.554618 0.000109892
          68   -0.554885   -0.554622 0.000108335
          69   -0.555152    -0.55463 0.000107029
          70   -0.553149   -0.554609 0.000107588
          71   -0.552715   -0.554582 0.000109366
          72   -0.553728    -0.55457 0.000108486
          73   -0.552541   -0.554542 0.000110541
          74   -0.555595   -0.554557  0.00010996
          75   -0.555555    -0.55457 0.000109297
          76   -0.554125   -0.554564 0.000108008
          77   -0.556141   -0.554585 0.000108546
          78   -0.554891   -0.554588 0.000107218
          79   -0.554304   -0.554585 0.000105913
          80   -0.552853   -0.554563 0.000106797
          81   -0.556635   -0.554589 0.000108526
          82    -0.55344   -0.554575 0.000108106
          83   -0.553573   -0.554563 0.000107475
          84   -0.554739   -0.554565 0.000106209
          85   -0.554901   -0.554569 0.000105027
          86     -0.5556   -0.554581 0.000104488
          87   -0.554453   -0.554579 0.000103291
          88   -0.554507   -0.554578 0.000102114
          89   -0.553741   -0.554569 0.000101397
          90   -0.555613   -0.554581 0.000100933
          91   -0.555048   -0.554586 9.99498e-05
          92   -0.552997   -0.554569 0.000100354
          93   -0.552109   -0.554542 0.000102731
          94   -0.555648   -0.554554 0.000102311
          95   -0.555747   -0.554566 0.000102004
          96   -0.553981    -0.55456 0.000101119
          97   -0.553643   -0.554551 0.000100518
          98   -0.555085   -0.554556 9.96359e-05
          99   -0.552904    -0.55454 0.000100027
         100   -0.554739   -0.554542 9.90413e-05
