           1    0.287829    0.287829           0
           2    0.290017    0.288923  0.00109378
           3    0.294289    0.290712  0.00189678
           4    0.296849    0.292246  0.00203799
           5    0.299793    0.293755  0.00218403
           6    0.295147    0.293987  0.00179827
           7    0.289461    0.293341  0.00165167
           8    0.292981    0.293296   0.0014311
           9    0.293024    0.293266  0.00126247
          10    0.294914     0.29343  0.00114115
          11    0.297612    0.293811  0.00109999
          12    0.295068    0.293915  0.00100961
          13    0.290168    0.293627 0.000972407
          14    0.290326    0.293391 0.000930647
          15    0.294419     0.29346 0.000869088
          16    0.295723    0.293601 0.000825169
          17    0.298427    0.293885 0.000825453
          18    0.292186    0.293791 0.000783945
          19    0.294998    0.293854 0.000744253
          20    0.293461    0.293835 0.000706334
          21    0.291058    0.293702 0.000684748
          22    0.291697    0.293611 0.000659212
          23    0.293359      0.2936 0.000629994
          24     0.29823    0.293793  0.00063327
          25    0.292456     0.29374 0.000609763
          26    0.293937    0.293747 0.000585891
          27     0.28649    0.293478 0.000624567
          28    0.292136     0.29343 0.000603755
          29    0.289211    0.293285 0.000600462
          30    0.295254    0.293351 0.000583804
          31    0.293362    0.293351 0.000564658
          32    0.296469    0.293448 0.000555342
          33    0.290795    0.293368 0.000544223
          34    0.293437     0.29337 0.000527978
          35    0.293413    0.293371 0.000512673
          36    0.291667    0.293324 0.000500471
          37    0.292575    0.293304 0.000487178
          38    0.290399    0.293227 0.000480306
          39    0.292416    0.293206  0.00046829
          40     0.28779    0.293071 0.000476094
          41    0.290907    0.293018 0.000467327
          42     0.29207    0.292996 0.000456623
          43    0.295954    0.293064 0.000451152
          44    0.292693    0.293056  0.00044086
          45    0.291864     0.29303 0.000431765
          46       0.286    0.292877 0.000449073
          47    0.295244    0.292927 0.000442292
          48    0.290019    0.292866 0.000437198
          49     0.29869    0.292985 0.000444372
          50    0.294891    0.293023 0.000437059
          51     0.28928     0.29295 0.000434647
          52    0.288537    0.292865 0.000434574
          53    0.292544    0.292859 0.000426339
          54    0.290771     0.29282 0.000420152
          55    0.295707    0.292873 0.000415767
          56    0.293316    0.292881 0.000408352
          57    0.295582    0.292928 0.000403913
          58    0.294488    0.292955 0.000397798
          59    0.295467    0.292998 0.000393308
          60    0.291781    0.292977 0.000387229
          61    0.295488    0.293019 0.000383045
          62    0.295352    0.293056 0.000378691
          63    0.298238    0.293138   0.0003816
          64      0.3004    0.293252 0.000392354
          65    0.295065     0.29328 0.000387276
          66    0.292653     0.29327 0.000381481
          67    0.292261    0.293255 0.000376046
          68    0.295058    0.293282 0.000371423
          69    0.289042     0.29322 0.000371122
          70    0.292148    0.293205 0.000366102
          71    0.292491    0.293195 0.000361049
          72    0.297239    0.293251 0.000360402
          73    0.288303    0.293183 0.000361836
          74    0.291972    0.293167 0.000357288
          75    0.298651     0.29324 0.000359997
          76    0.294575    0.293258 0.000355663
          77    0.291821    0.293239 0.000351509
          78    0.290111    0.293199 0.000349283
          79    0.295256    0.293225 0.000345815
          80    0.302026    0.293335 0.000358749
          81    0.294624    0.293351  0.00035465
          82    0.290223    0.293313 0.000352368
          83    0.291346    0.293289 0.000348902
          84    0.295296    0.293313 0.000345551
          85    0.298411    0.293373 0.000346689
          86    0.293333    0.293372 0.000342634
          87    0.295527    0.293397 0.000339577
          88    0.293273    0.293396 0.000335699
          89    0.293834    0.293401 0.000331942
          90    0.293406    0.293401 0.000328233
          91    0.297726    0.293448 0.000328068
          92    0.289571    0.293406 0.000327209
          93    0.289623    0.293365 0.000326218
          94    0.289275    0.293322 0.000325649
          95    0.299828     0.29339 0.000329401
          96    0.291765    0.293373 0.000326391
          97    0.293666    0.293377 0.000323022
          98    0.295988    0.293403 0.000320818
          99    0.290713    0.293376 0.000318721
         100    0.298221    0.293424 0.000319216
