           1    0.408635    0.408635           0
           2    0.428362    0.418498  0.00986359
           3    0.411597    0.416198  0.00614176
           4    0.425776    0.418592  0.00495927
           5    0.442509    0.423376  0.00613482
           6    0.426507    0.423898  0.00503617
           7    0.430425     0.42483  0.00435729
           8    0.426074    0.424986  0.00377672
           9    0.431234     0.42568  0.00340234
          10     0.42655    0.425767  0.00304439
          11    0.414003    0.424697  0.00295414
          12    0.454943    0.427218  0.00369126
          13    0.435068    0.427822  0.00344874
          14    0.442824    0.428893  0.00336795
          15    0.423949    0.428564  0.00315267
          16    0.433519    0.428873  0.00296527
          17    0.449125    0.430065  0.00302945
          18    0.421588    0.429594  0.00289476
          19    0.447289    0.430525  0.00289221
          20    0.431099    0.430554  0.00274394
          21    0.444976    0.431241  0.00269886
          22    0.416373    0.430565  0.00266052
          23    0.419457    0.430082  0.00258768
          24    0.445343    0.430718  0.00255782
          25    0.415046    0.430091  0.00253219
          26    0.429436    0.430066  0.00243298
          27    0.409541    0.429306  0.00246146
          28    0.403898    0.428398  0.00253957
          29    0.434502    0.428609  0.00245945
          30    0.436834    0.428883  0.00239183
          31    0.436054    0.429114  0.00232492
          32    0.430498    0.429157  0.00225151
          33    0.459893    0.430089  0.00237266
          34    0.422928    0.429878  0.00231144
          35    0.421738    0.429646  0.00225644
          36    0.427401    0.429583  0.00219375
          37    0.409726    0.429046   0.0022001
          38    0.441192    0.429366  0.00216514
          39    0.422233    0.429183  0.00211681
          40    0.434402    0.429314  0.00206733
          41    0.446442    0.429731   0.0020591
          42    0.439191    0.429957  0.00202206
          43    0.453361    0.430501  0.00204812
          44    0.428797    0.430462  0.00200141
          45    0.441471    0.430707  0.00197166
          46    0.433073    0.430758  0.00192901
          47    0.429321    0.430728  0.00188777
          48    0.428407    0.430679  0.00184865
          49    0.437798    0.430825  0.00181635
          50    0.443411    0.431076  0.00179737
          51    0.434707    0.431148  0.00176321
          52    0.420519    0.430943  0.00174101
          53    0.433058    0.430983  0.00170831
          54    0.437216    0.431098  0.00168035
          55    0.418572    0.430871  0.00166516
          56    0.412861    0.430549  0.00166649
          57    0.440602    0.430725  0.00164646
          58    0.442451    0.430928  0.00163041
          59    0.426738    0.430857  0.00160411
          60    0.424107    0.430744  0.00158115
          61    0.443338    0.430951  0.00156866
          62    0.433196    0.430987  0.00154358
          63    0.421564    0.430837  0.00152623
          64     0.42143     0.43069  0.00150936
          65    0.416472    0.430471  0.00150198
          66    0.432492    0.430502  0.00147936
          67    0.402656    0.430086  0.00151523
          68     0.45556    0.430461  0.00153906
          69    0.440692    0.430609  0.00152383
          70    0.431921    0.430628  0.00150202
          71     0.43632    0.430708  0.00148288
          72    0.432968     0.43074  0.00146248
          73    0.425763    0.430672  0.00144391
          74    0.437612    0.430765  0.00142735
          75    0.452524    0.431055  0.00143777
          76    0.431798    0.431065  0.00141875
          77    0.423096    0.430962  0.00140403
          78    0.433198     0.43099  0.00138621
          79    0.425409     0.43092  0.00137037
          80    0.429627    0.430904  0.00135323
          81    0.427469    0.430861  0.00133709
          82    0.424021    0.430778  0.00132332
          83    0.439538    0.430883  0.00131153
          84    0.428105     0.43085  0.00129624
          85    0.413551    0.430647  0.00129697
          86    0.435879    0.430708  0.00128324
          87    0.418292    0.430565  0.00127641
          88    0.425683    0.430509  0.00126304
          89    0.438641    0.430601  0.00125211
          90    0.438096    0.430684  0.00124091
          91    0.449002    0.430885   0.0012436
          92    0.455372    0.431151  0.00125848
          93    0.434555    0.431188  0.00124541
          94    0.433362    0.431211  0.00123231
          95     0.44737    0.431381  0.00123107
          96    0.422861    0.431293  0.00122141
          97    0.405638    0.431028  0.00123735
          98    0.423685    0.430953  0.00122695
          99    0.437307    0.431017  0.00121619
         100    0.448575    0.431193   0.0012167
