           1   -0.645483   -0.645483           0
           2   -0.645011   -0.645247    0.000236
           3   -0.647507      -0.646 0.000765556
           4   -0.645565   -0.645891 0.000552129
           5   -0.644139   -0.645541 0.000552975
           6   -0.647005   -0.645785 0.000513258
           7   -0.644376   -0.645584 0.000478201
           8   -0.646192    -0.64566 0.000421059
           9   -0.645251   -0.645614  0.00037411
          10   -0.646419   -0.645695 0.000344148
          11   -0.645288   -0.645658 0.000313481
          12   -0.645637   -0.645656 0.000286173
          13   -0.646891   -0.645751 0.000279849
          14   -0.646405   -0.645798 0.000263272
          15   -0.647912   -0.645939 0.000282734
          16   -0.644696   -0.645861 0.000275641
          17   -0.646805   -0.645917 0.000264812
          18   -0.645632   -0.645901 0.000250167
          19   -0.645797   -0.645895 0.000236697
          20   -0.646456   -0.645923 0.000226294
          21   -0.645347   -0.645896 0.000216993
          22   -0.643299   -0.645778 0.000238206
          23   -0.646549   -0.645811 0.000230072
          24   -0.645811   -0.645811 0.000220278
          25   -0.646659   -0.645845 0.000213984
          26   -0.645797   -0.645843 0.000205598
          27   -0.646445   -0.645866 0.000199089
          28   -0.647504   -0.645924 0.000200571
          29   -0.646955    -0.64596 0.000196766
          30   -0.647781    -0.64602 0.000199556
          31   -0.646664   -0.646041 0.000194125
          32   -0.646517   -0.646056 0.000188549
          33   -0.646979   -0.646084 0.000184872
          34     -0.6476   -0.646129 0.000184811
          35   -0.646429   -0.646137 0.000179659
          36   -0.647477   -0.646174 0.000178521
          37   -0.645763   -0.646163 0.000173986
          38   -0.647869   -0.646208 0.000175195
          39   -0.647955   -0.646253 0.000176422
          40   -0.646549    -0.64626 0.000172114
          41   -0.646907   -0.646276 0.000168602
          42   -0.647664   -0.646309 0.000167824
          43   -0.645533   -0.646291 0.000164865
          44   -0.646365   -0.646293 0.000161084
          45   -0.647915   -0.646329 0.000161535
          46   -0.647352   -0.646351 0.000159542
          47   -0.646069   -0.646345 0.000156226
          48   -0.646344   -0.646345 0.000152937
          49   -0.645381   -0.646325 0.000151069
          50   -0.647059    -0.64634 0.000148741
          51   -0.646088   -0.646335 0.000145879
          52   -0.646235   -0.646333  0.00014306
          53   -0.646496   -0.646336 0.000140368
          54   -0.646627   -0.646342 0.000137849
          55   -0.646848   -0.646351 0.000135632
          56   -0.646795   -0.646359 0.000133424
          57   -0.646101   -0.646354  0.00013114
          58   -0.648397    -0.64639 0.000133587
          59   -0.645523   -0.646375 0.000132123
          60   -0.647443   -0.646393 0.000131115
          61      -0.647   -0.646403 0.000129332
          62   -0.646237     -0.6464 0.000127257
          63   -0.647277   -0.646414 0.000125993
          64   -0.647485   -0.646431 0.000125133
          65   -0.646451   -0.646431 0.000123194
          66    -0.64672   -0.646435 0.000121392
          67   -0.646037   -0.646429 0.000119714
          68   -0.647507   -0.646445 0.000118999
          69   -0.645952   -0.646438  0.00011748
          70   -0.647757   -0.646457 0.000117313
          71   -0.644341   -0.646427 0.000119426
          72   -0.647488   -0.646442 0.000118674
          73   -0.649096   -0.646478 0.000122554
          74   -0.646093   -0.646473 0.000120999
          75   -0.646515   -0.646474 0.000119376
          76   -0.648232   -0.646497 0.000120045
          77   -0.646787     -0.6465 0.000118536
          78   -0.646869   -0.646505 0.000117102
          79   -0.648795   -0.646534 0.000119187
          80   -0.647283   -0.646544 0.000118059
          81   -0.646752   -0.646546 0.000116621
          82   -0.645995   -0.646539 0.000115386
          83   -0.647107   -0.646546 0.000114192
          84   -0.645104   -0.646529 0.000114124
          85   -0.646861   -0.646533 0.000112841
          86   -0.646453   -0.646532 0.000111525
          87   -0.645011   -0.646515 0.000111614
          88   -0.645696   -0.646505 0.000110729
          89   -0.647803    -0.64652 0.000110445
          90   -0.647123   -0.646526 0.000109416
          91   -0.645731   -0.646518  0.00010856
          92   -0.647035   -0.646523  0.00010752
          93   -0.645776   -0.646515 0.000106661
          94   -0.647843   -0.646529 0.000106461
          95   -0.648208   -0.646547 0.000106806
          96   -0.645771   -0.646539 0.000105996
          97   -0.646323   -0.646537 0.000104921
          98   -0.646216   -0.646534 0.000103897
          99   -0.646624   -0.646534 0.000102846
         100   -0.644547   -0.646515 0.000103735
