           1    0.288724    0.288724           0
           2    0.325499    0.307111   0.0183873
           3    0.319192    0.311138    0.011354
           4    0.284859    0.304568    0.010374
           5    0.285517    0.300758  0.00889325
           6    0.274567    0.296393  0.00847242
           7    0.284711    0.294724  0.00735241
           8    0.289296    0.294045  0.00640343
           9    0.280307    0.292519  0.00584997
          10    0.291097    0.292377  0.00523431
          11    0.264576    0.289849  0.00536694
          12    0.266759    0.287925  0.00526365
          13    0.283873    0.287614  0.00485187
          14    0.269376    0.286311  0.00467704
          15    0.294199    0.286837  0.00438573
          16    0.279307    0.286366  0.00412938
          17    0.282027    0.286111  0.00388727
          18    0.274275    0.285453  0.00372347
          19    0.288828    0.285631  0.00352653
          20    0.313199    0.287009  0.00361839
          21    0.298375     0.28755  0.00348406
          22    0.278087     0.28712  0.00334966
          23    0.249773    0.285497  0.00358904
          24    0.267701    0.284755  0.00351533
          25    0.261529    0.283826  0.00349743
          26    0.309411     0.28481  0.00350135
          27    0.284143    0.284785  0.00336926
          28    0.284655    0.284781  0.00324671
          29     0.33436     0.28649  0.00356889
          30    0.272753    0.286032  0.00347815
          31    0.306651    0.286698   0.0034292
          32    0.263696    0.285979  0.00339722
          33    0.295017    0.286253  0.00330404
          34    0.313861    0.287065  0.00330664
          35    0.314257    0.287842  0.00330344
          36    0.298655    0.288142  0.00322439
          37    0.306224    0.288631  0.00317388
          38    0.293285    0.288753  0.00309166
          39    0.270592    0.288287  0.00304713
          40    0.323369    0.289165  0.00309677
          41    0.287049    0.289113  0.00302073
          42    0.300395    0.289382  0.00296015
          43    0.297089    0.289561  0.00289604
          44      0.2629    0.288955  0.00289361
          45    0.292296    0.289029  0.00282955
          46    0.317831    0.289655   0.0028373
          47    0.274792    0.289339  0.00279423
          48    0.260261    0.288733  0.00280167
          49    0.275073    0.288454  0.00275802
          50    0.298397    0.288653  0.00270961
          51    0.277148    0.288428  0.00266551
          52    0.298468    0.288621  0.00262087
          53    0.295956    0.288759  0.00257467
          54    0.329416    0.289512  0.00263633
          55    0.295485    0.289621  0.00259024
          56     0.31016    0.289987  0.00256987
          57    0.274377    0.289714  0.00253919
          58    0.265017    0.289288   0.0025311
          59     0.33356    0.290038  0.00259853
          60    0.247992    0.289337  0.00264922
          61    0.289885    0.289346  0.00260544
          62    0.320832    0.289854   0.0026129
          63    0.313377    0.290228  0.00259806
          64    0.307736    0.290501  0.00257174
          65    0.312452    0.290839  0.00255429
          66    0.325092    0.291358  0.00256827
          67    0.268197    0.291012  0.00255316
          68     0.25904    0.290542   0.0025589
          69    0.287088    0.290492  0.00252204
          70    0.317819    0.290882  0.00251621
          71    0.261355    0.290466  0.00251514
          72    0.286656    0.290414  0.00248053
          73    0.281232    0.290288  0.00244954
          74    0.309731     0.29055  0.00243046
          75    0.286243    0.290493  0.00239852
          76    0.306752    0.290707   0.0023764
          77    0.294855    0.290761  0.00234595
          78    0.327669    0.291234  0.00236353
          79    0.287964    0.291193  0.00233379
          80    0.321253    0.291568  0.00233487
          81    0.254431     0.29111    0.002351
          82    0.317436    0.291431  0.00234424
          83    0.316597    0.291734  0.00233559
          84    0.292187     0.29174  0.00230763
          85    0.261531    0.291384  0.00230785
          86    0.291963    0.291391  0.00228086
          87    0.282293    0.291286  0.00225692
          88    0.285751    0.291223  0.00223201
          89    0.349608    0.291879  0.00230223
          90    0.306072    0.292037  0.00228196
          91    0.292685    0.292044  0.00225676
          92    0.341201    0.292579  0.00229515
          93     0.29782    0.292635  0.00227104
          94    0.278779    0.292488  0.00225158
          95    0.274635      0.2923  0.00223566
          96    0.277588    0.292146  0.00221755
          97    0.293716    0.292163  0.00219463
          98    0.306251    0.292306  0.00217688
          99    0.252257    0.291902  0.00219242
         100    0.305925    0.292042  0.00217491
