           1     3.62225     3.62225           0
           2     3.57571     3.59898   0.0232687
           3     3.59454      3.5975   0.0135155
           4     3.56623     3.58968   0.0123469
           5     3.51391     3.57453   0.0179196
           6     3.55389     3.57109   0.0150302
           7     3.48835     3.55927   0.0173517
           8     3.69463     3.57619   0.0226299
           9     3.59341      3.5781   0.0200492
          10     3.54216     3.57451   0.0182892
          11      3.5417     3.57152   0.0168099
          12      3.5511     3.56982   0.0154394
          13      3.6901     3.57907   0.0169499
          14     3.54385     3.57656    0.015893
          15     3.68486     3.58378   0.0164633
          16      3.5944     3.58444   0.0154143
          17     3.60331     3.58555   0.0145217
          18     3.57515     3.58497   0.0137034
          19     3.58015     3.58472   0.0129646
          20     3.49853     3.58041   0.0130324
          21     3.43339     3.57341   0.0142366
          22     3.46695     3.56857   0.0144108
          23     3.58173     3.56914   0.0137819
          24     3.58689     3.56988   0.0132159
          25      3.7239     3.57604   0.0140939
          26     3.67335     3.57979   0.0140486
          27     3.60556     3.58074   0.0135519
          28     3.59458     3.58123   0.0130683
          29     3.63463     3.58308   0.0127434
          30     3.60087     3.58367   0.0123255
          31     3.68819     3.58704   0.0123889
          32     3.65764     3.58925   0.0121967
          33     3.60107      3.5896   0.0118268
          34     3.52986     3.58785   0.0116075
          35     3.75045     3.59249   0.0121908
          36     3.51746     3.59041   0.0120293
          37     3.52277     3.58858   0.0118417
          38     3.54489     3.58743    0.011583
          39     3.52298     3.58578   0.0114025
          40     3.51892     3.58411   0.0112388
          41     3.59149     3.58429   0.0109627
          42     3.69707     3.58697   0.0110303
          43     3.54177     3.58592   0.0108219
          44     3.60066     3.58626   0.0105784
          45     3.61809     3.58696   0.0103648
          46     3.60198     3.58729   0.0101423
          47     3.57404     3.58701  0.00992813
          48     3.51626     3.58553  0.00983023
          49     3.55858     3.58498  0.00964322
          50     3.60589      3.5854  0.00945763
          51     3.58271     3.58535  0.00927049
          52     3.51635     3.58402   0.0091868
          53     3.58108     3.58397  0.00901197
          54      3.5914      3.5841  0.00884458
          55     3.67522     3.58576  0.00883893
          56     3.55598     3.58523  0.00869594
          57     3.58355      3.5852  0.00854206
          58     3.59052     3.58529    0.008394
          59      3.6148     3.58579  0.00826565
          60     3.62694     3.58648   0.0081556
          61     3.57075     3.58622  0.00802493
          62     3.70265      3.5881  0.00811472
          63     3.55443     3.58756  0.00800274
          64     3.60557     3.58784  0.00788172
          65     3.52351     3.58685  0.00782238
          66      3.5424     3.58618  0.00773234
          67     3.48753     3.58471  0.00775709
          68     3.61672     3.58518  0.00765665
          69     3.57853     3.58508  0.00754548
          70      3.5062     3.58396  0.00752179
          71     3.58664     3.58399  0.00741519
          72     3.60825     3.58433  0.00731924
          73      3.6767      3.5856  0.00732834
          74     3.50599     3.58452  0.00730824
          75     3.56172     3.58422  0.00721654
          76      3.6027     3.58446  0.00712511
          77      3.4636     3.58289  0.00720501
          78     3.59227     3.58301  0.00711306
          79     3.74372     3.58504  0.00731115
          80     3.49631     3.58394  0.00730389
          81     3.63155     3.58452  0.00723707
          82     3.50353     3.58354  0.00721619
          83      3.7486     3.58552  0.00740092
          84     3.64183     3.58619  0.00734295
          85     3.58402     3.58617  0.00725609
          86     3.68306      3.5873  0.00725919
          87     3.45181     3.58574  0.00734232
          88     3.57811     3.58565  0.00725892
          89     3.65124     3.58639  0.00721463
          90     3.50432     3.58548  0.00719206
          91     3.57105     3.58532  0.00711435
          92     3.69357     3.58649   0.0071343
          93     3.63462     3.58701  0.00707612
          94     3.59585     3.58711  0.00700107
          95     3.59869     3.58723  0.00692805
          96     3.52696      3.5866  0.00688419
          97     3.65835     3.58734  0.00685288
          98     3.69885     3.58848  0.00687736
          99     3.59573     3.58855  0.00680793
         100     3.53763     3.58804  0.00675872
