           1   0.0703373   0.0703373           0
           2   0.0713747    0.070856 0.000518667
           3   0.0713627   0.0710249 0.000343795
           4   0.0760213    0.072274  0.00127255
           5    0.066652   0.0711496  0.00149529
           6   0.0736547   0.0715671  0.00129032
           7   0.0712173   0.0715171  0.00109166
           8   0.0498413   0.0688077  0.00286968
           9   0.0623453   0.0680896  0.00263071
          10   0.0704613   0.0683268   0.0023649
          11   0.0761347   0.0690366  0.00225382
          12       0.074   0.0694502  0.00209861
          13   0.0735293    0.069764  0.00195578
          14   0.0592547   0.0690133  0.00196013
          15   0.0696053   0.0690528  0.00182521
          16   0.0722253   0.0692511   0.0017188
          17   0.0662507   0.0690746  0.00162415
          18    0.073076   0.0692969  0.00154732
          19    0.062576   0.0689432  0.00150576
          20    0.071552   0.0690736  0.00143443
          21   0.0719093   0.0692086  0.00137108
          22   0.0615493   0.0688605  0.00135284
          23   0.0700453    0.068912  0.00129371
          24   0.0610653   0.0685851  0.00128105
          25   0.0658893   0.0684772  0.00123347
          26   0.0752387   0.0687373  0.00121327
          27    0.070348   0.0687969    0.001169
          28   0.0695347   0.0688233  0.00112678
          29   0.0714373   0.0689134  0.00109096
          30   0.0704347   0.0689641  0.00105519
          31    0.073988   0.0691262  0.00103337
          32   0.0777347   0.0693952  0.00103609
          33   0.0931747   0.0701158  0.00123599
          34   0.0712067   0.0701479  0.00119952
          35    0.077616   0.0703613  0.00118412
          36   0.0743773   0.0704728  0.00115616
          37   0.0673707    0.070389   0.0011276
          38   0.0686493   0.0703432  0.00109848
          39   0.0721573   0.0703897  0.00107095
          40   0.0723213    0.070438  0.00104495
          41   0.0737853   0.0705196  0.00102241
          42     0.06682   0.0704316  0.00100165
          43    0.080484   0.0706653  0.00100563
          44    0.079564   0.0708676  0.00100311
          45    0.070948   0.0708694 0.000980563
          46   0.0776987   0.0710178 0.000970434
          47   0.0650907   0.0708917 0.000957899
          48   0.0706173    0.070886 0.000937748
          49    0.063912   0.0707437 0.000929374
          50   0.0816867   0.0709625 0.000936529
          51   0.0722933   0.0709886 0.000918352
          52   0.0625667   0.0708267 0.000914967
          53    0.078904   0.0709791 0.000910385
          54    0.069452   0.0709508 0.000893814
          55   0.0709867   0.0709514 0.000877413
          56   0.0838347   0.0711815 0.000891788
          57   0.0780813   0.0713025 0.000884327
          58    0.081248    0.071474 0.000885703
          59     0.07142   0.0714731 0.000870562
          60    0.070072   0.0714498 0.000856248
          61   0.0840573   0.0716564 0.000867087
          62   0.0726547   0.0716725 0.000853139
          63   0.0748947   0.0717237 0.000841045
          64   0.0649293   0.0716175 0.000834579
          65   0.0822213   0.0717807 0.000837677
          66   0.0784213   0.0718813 0.000831001
          67   0.0723733   0.0718886 0.000818537
          68   0.0746587   0.0719294 0.000807438
          69   0.0731093   0.0719465 0.000795834
          70   0.0625907   0.0718128 0.000795688
          71   0.0734253   0.0718355  0.00078473
          72    0.067268   0.0717721  0.00077635
          73   0.0721413   0.0717771 0.000765658
          74   0.0757053   0.0718302 0.000757104
          75   0.0760533   0.0718865  0.00074906
          76   0.0662947   0.0718129 0.000742792
          77     0.07586   0.0718655 0.000734963
          78   0.0665093   0.0717968 0.000728722
          79   0.0662427   0.0717265 0.000722866
          80   0.0721813   0.0717322 0.000713795
          81   0.0666467   0.0716694 0.000707718
          82     0.07064   0.0716569 0.000699147
          83   0.0722107   0.0716636 0.000690705
          84   0.0795173    0.071757 0.000688807
          85   0.0822853   0.0718809 0.000691834
          86   0.0587027   0.0717277 0.000700702
          87   0.0694173   0.0717011 0.000693111
          88   0.0649067   0.0716239 0.000689525
          89    0.078564   0.0717019 0.000686179
          90   0.0626107   0.0716009  0.00068599
          91   0.0589453   0.0714618 0.000692518
          92   0.0761907   0.0715132 0.000686875
          93   0.0698107   0.0714949 0.000679696
          94   0.0706653   0.0714861 0.000672484
          95   0.0751253   0.0715244 0.000666469
          96    0.077032   0.0715817 0.000661981
          97    0.065776   0.0715219  0.00065785
          98   0.0616893   0.0714216 0.000658787
          99   0.0773947   0.0714819 0.000654884
         100   0.0730947    0.071498 0.000648503
