           1   -0.720744   -0.720744           0
           2   -0.720195   -0.720469 0.000274667
           3   -0.722341   -0.721093 0.000643835
           4   -0.719925   -0.720801 0.000540856
           5   -0.720051   -0.720651 0.000445034
           6   -0.721184    -0.72074 0.000374062
           7   -0.719293   -0.720533 0.000377698
           8   -0.721627    -0.72067 0.000354499
           9   -0.720613   -0.720664 0.000312702
          10   -0.719464   -0.720544 0.000304334
          11   -0.719376   -0.720438  0.00029504
          12   -0.720883   -0.720475 0.000271875
          13   -0.720923   -0.720509 0.000252452
          14   -0.720184   -0.720486 0.000234876
          15   -0.723029   -0.720655 0.000276699
          16   -0.721672   -0.720719 0.000266512
          17   -0.720053    -0.72068 0.000253388
          18   -0.720157   -0.720651 0.000240654
          19   -0.720397   -0.720637 0.000228026
          20   -0.722371   -0.720724 0.000233037
          21   -0.721203   -0.720747 0.000222831
          22   -0.719093   -0.720672 0.000225364
          23   -0.718869   -0.720593 0.000229159
          24   -0.719485   -0.720547 0.000224208
          25   -0.720832   -0.720559 0.000215354
          26   -0.720789   -0.720567 0.000207096
          27   -0.723891   -0.720691 0.000234224
          28   -0.720472   -0.720683 0.000225838
          29   -0.719581   -0.720645 0.000221197
          30   -0.721576   -0.720676 0.000215939
          31   -0.721216   -0.720693 0.000209583
          32   -0.720616   -0.720691 0.000202942
          33   -0.717851   -0.720605 0.000214701
          34   -0.721189   -0.720622 0.000208999
          35   -0.721168   -0.720638 0.000203539
          36   -0.719501   -0.720606 0.000200306
          37   -0.720253   -0.720596 0.000195051
          38    -0.72132   -0.720616 0.000190801
          39   -0.719691   -0.720592 0.000187351
          40   -0.719312    -0.72056 0.000185389
          41    -0.72324   -0.720625 0.000192265
          42   -0.721736   -0.720652 0.000189486
          43   -0.722003   -0.720683 0.000187676
          44   -0.720016   -0.720668 0.000183987
          45   -0.719517   -0.720642  0.00018166
          46   -0.719528   -0.720618 0.000179311
          47   -0.719611   -0.720597 0.000176758
          48   -0.718632   -0.720556 0.000177812
          49   -0.720792   -0.720561 0.000174212
          50   -0.720051    -0.72055 0.000170996
          51   -0.721192   -0.720563 0.000168082
          52   -0.720424    -0.72056 0.000164839
          53    -0.72272   -0.720601 0.000166755
          54   -0.720184   -0.720593  0.00016382
          55   -0.719856    -0.72058 0.000161371
          56   -0.721779   -0.720601 0.000159903
          57   -0.721309   -0.720614 0.000157563
          58   -0.719803     -0.7206 0.000155453
          59   -0.719629   -0.720583 0.000153678
          60   -0.721339   -0.720596 0.000151618
          61   -0.720627   -0.720596 0.000149113
          62   -0.719915   -0.720585   0.0001471
          63   -0.721197   -0.720595 0.000145072
          64   -0.720043   -0.720586 0.000143048
          65    -0.72144     -0.7206  0.00014144
          66   -0.722003   -0.720621 0.000140894
          67   -0.721939   -0.720641 0.000140162
          68   -0.722499   -0.720668 0.000140763
          69   -0.721509    -0.72068 0.000139243
          70   -0.719821   -0.720668 0.000137787
          71   -0.722203   -0.720689 0.000137542
          72   -0.721267   -0.720697 0.000135855
          73   -0.721056   -0.720702 0.000134071
          74   -0.719395   -0.720685 0.000133422
          75   -0.723587   -0.720723 0.000137201
          76   -0.720501    -0.72072 0.000135415
          77   -0.720683    -0.72072 0.000133645
          78   -0.720445   -0.720716 0.000131968
          79   -0.719707   -0.720704 0.000130912
          80   -0.722515   -0.720726 0.000131233
          81   -0.720275   -0.720721 0.000129722
          82   -0.721133   -0.720726 0.000128229
          83   -0.720072   -0.720718  0.00012692
          84   -0.719256     -0.7207 0.000126601
          85   -0.721357   -0.720708 0.000125342
          86   -0.718573   -0.720683 0.000126338
          87   -0.717789    -0.72065 0.000129232
          88   -0.720392   -0.720647 0.000127789
          89   -0.720021    -0.72064  0.00012654
          90   -0.719656   -0.720629 0.000125603
          91   -0.720323   -0.720626 0.000124261
          92   -0.722867    -0.72065 0.000125293
          93   -0.719259   -0.720635 0.000124839
          94   -0.720683   -0.720636 0.000123504
          95   -0.722067   -0.720651 0.000123122
          96   -0.722448   -0.720669 0.000123263
          97   -0.720221   -0.720665 0.000122073
          98   -0.722216   -0.720681 0.000121853
          99   -0.720091   -0.720675 0.000120763
         100   -0.717691   -0.720645 0.000123218
