           1     22.9654     22.9654           0
           2     25.9407      24.453     1.48765
           3     23.7672     24.2244    0.888801
           4     23.3764     24.0124    0.663269
           5     25.8473     24.3794    0.631369
           6     24.1474     24.3407    0.516959
           7     24.4183     24.3518    0.437051
           8     24.9896     24.4315    0.386803
           9     25.7049      24.573    0.369306
          10     23.8439     24.5001    0.338268
          11     23.8699     24.4428    0.311292
          12     25.6844     24.5463     0.30242
          13     23.7469     24.4848    0.284901
          14      24.344     24.4747    0.263958
          15     21.9274     24.3049    0.298703
          16     23.6142     24.2617    0.282726
          17     26.0836     24.3689    0.286383
          18     25.2507     24.4179    0.274413
          19      25.059     24.4516    0.261752
          20     26.0118     24.5296    0.260284
          21     25.4129     24.5717    0.251127
          22     23.4044     24.5187    0.245248
          23     23.5661     24.4772    0.237974
          24     23.5937     24.4404    0.230798
          25     24.3136     24.4354    0.221431
          26     23.1147     24.3846    0.218724
          27     23.6104     24.3559    0.212412
          28     21.8611     24.2668    0.223236
          29     26.2284     24.3344    0.225772
          30     23.4198     24.3039    0.220237
          31     26.8709     24.3867    0.228542
          32     24.7973     24.3996    0.221657
          33     25.1912     24.4236     0.21617
          34     23.8422     24.4065    0.210412
          35     25.4868     24.4373     0.20663
          36     23.7534     24.4183    0.201705
          37     22.8107     24.3749    0.200932
          38     24.1171     24.3681    0.195691
          39     24.7852     24.3788    0.190907
          40     24.0895     24.3716    0.186213
          41     26.2784     24.4181    0.187475
          42     24.3605     24.4167    0.182962
          43     27.1779     24.4809    0.189846
          44     26.4641      24.526    0.190879
          45     24.8388     24.5329    0.186718
          46     23.1123     24.5021    0.185207
          47     25.4249     24.5217    0.182284
          48     24.3391     24.5179    0.178487
          49     26.2226     24.5527    0.178235
          50     23.4189       24.53      0.1761
          51     24.7038     24.5334    0.172646
          52     22.7115     24.4984    0.172881
          53     24.2505     24.4937    0.169652
          54     25.1089     24.5051     0.16687
          55     23.3628     24.4843    0.165119
          56     23.5343     24.4674    0.163029
          57     24.3437     24.4652    0.160158
          58     25.0961     24.4761    0.157748
          59     25.6719     24.4963     0.15637
          60      23.969     24.4875    0.153993
          61     25.1364     24.4982    0.151821
          62     25.5298     24.5148    0.150276
          63     24.0501     24.5074    0.148055
          64     23.1099     24.4856    0.147351
          65     24.7972     24.4904    0.145145
          66     23.5328     24.4759    0.143664
          67     23.2507     24.4576     0.14268
          68      27.798     24.5067    0.148902
          69     27.1628     24.5452    0.151694
          70     25.9513     24.5653    0.150854
          71     22.9611     24.5427    0.150421
          72     25.1694     24.5514    0.148572
          73     25.5326     24.5649    0.147138
          74     24.2275     24.5603    0.145208
          75     24.9999     24.5662    0.143379
          76     23.9358     24.5579    0.141722
          77     24.9072     24.5624    0.139943
          78     23.3918     24.5474     0.13895
          79     24.3389     24.5448    0.137206
          80     24.8204     24.5482    0.135523
          81     24.0345     24.5419     0.13399
          82     23.8733     24.5337    0.132597
          83     25.7552     24.5484    0.131814
          84     26.0848     24.5667    0.131513
          85     22.8968     24.5471    0.131433
          86     26.6436     24.5714    0.132164
          87     23.3371     24.5573    0.131404
          88     24.0004     24.5509    0.130056
          89     23.0639     24.5342    0.129668
          90     24.8063     24.5372    0.128254
          91     24.2722     24.5343    0.126871
          92     26.0642      24.551    0.126581
          93     25.3017      24.559    0.125473
          94     25.2516     24.5664    0.124349
          95     26.8804     24.5908    0.125421
          96     22.4852     24.5688    0.126031
          97     25.0682      24.574    0.124831
          98     25.9447      24.588     0.12434
          99     27.3887     24.6163    0.126287
         100     25.2619     24.6227    0.125184
