           1   -0.481707   -0.481707           0
           2    -0.48312   -0.482413 0.000706667
           3   -0.482576   -0.482468 0.000411581
           4   -0.481939   -0.482335  0.00031966
           5   -0.482661   -0.482401 0.000256048
           6   -0.483208   -0.482535 0.000248633
           7   -0.482459   -0.482524 0.000210416
           8   -0.481659   -0.482416 0.000211923
           9   -0.483992   -0.482591 0.000256115
          10   -0.482587   -0.482591 0.000229077
          11   -0.481501   -0.482492 0.000229657
          12   -0.482333   -0.482478 0.000210061
          13   -0.482936   -0.482514 0.000196408
          14   -0.482088   -0.482483 0.000184362
          15   -0.480992   -0.482384 0.000198346
          16   -0.482608   -0.482398 0.000186064
          17   -0.482867   -0.482425 0.000176939
          18   -0.479557   -0.482266 0.000230689
          19   -0.482963   -0.482303 0.000221268
          20   -0.482069   -0.482291 0.000210238
          21   -0.481805   -0.482268 0.000201309
          22   -0.483053   -0.482304 0.000195232
          23   -0.482709   -0.482321 0.000187383
          24   -0.484027   -0.482392 0.000192965
          25   -0.482992   -0.482416 0.000186634
          26   -0.481685   -0.482388 0.000181503
          27   -0.484416   -0.482463 0.000190114
          28   -0.482688   -0.482471 0.000183375
          29   -0.482141    -0.48246 0.000177304
          30   -0.482987   -0.482478 0.000172189
          31   -0.483149   -0.482499 0.000167946
          32   -0.481587   -0.482471 0.000165095
          33   -0.482613   -0.482475 0.000160072
          34   -0.482976    -0.48249  0.00015599
          35   -0.483685   -0.482524 0.000155272
          36   -0.483464    -0.48255  0.00015314
          37   -0.481832   -0.482531 0.000150203
          38   -0.482669   -0.482534 0.000146242
          39   -0.483349   -0.482555 0.000143968
          40   -0.482637   -0.482557 0.000140338
          41   -0.482984   -0.482568 0.000137267
          42   -0.482861   -0.482575 0.000134142
          43   -0.481952    -0.48256 0.000131783
          44   -0.481704   -0.482541 0.000130215
          45   -0.483432    -0.48256  0.00012882
          46   -0.482659   -0.482563 0.000126007
          47   -0.481659   -0.482543 0.000124788
          48   -0.481563   -0.482523 0.000123857
          49   -0.483307   -0.482539 0.000122353
          50   -0.483128   -0.482551 0.000120458
          51   -0.481712   -0.482534 0.000119213
          52    -0.48276   -0.482539 0.000116978
          53   -0.481392   -0.482517 0.000116771
          54   -0.481296   -0.482494 0.000116798
          55   -0.482427   -0.482493 0.000114661
          56   -0.482235   -0.482489  0.00011269
          57   -0.483264   -0.482502 0.000111528
          58   -0.482197   -0.482497 0.000109714
          59   -0.482704     -0.4825 0.000107896
          60   -0.481488   -0.482484 0.000107416
          61   -0.482125   -0.482478 0.000105803
          62   -0.481909   -0.482468 0.000104486
          63    -0.48188   -0.482459 0.000103237
          64   -0.483691   -0.482478 0.000103417
          65   -0.482963   -0.482486 0.000102086
          66   -0.481187   -0.482466 0.000102436
          67   -0.483277   -0.482478  0.00010162
          68   -0.481419   -0.482463  0.00010132
          69   -0.482901   -0.482469 0.000100043
          70   -0.484251   -0.482494 0.000101835
          71   -0.481315   -0.482478 0.000101756
          72   -0.484117   -0.482501 0.000102885
          73   -0.482771   -0.482504 0.000101533
          74   -0.482667   -0.482507 0.000100175
          75   -0.482957   -0.482513 9.90133e-05
          76   -0.483421   -0.482524 9.84309e-05
          77   -0.483904   -0.482542 9.87824e-05
          78    -0.48248   -0.482542  9.7511e-05
          79   -0.481445   -0.482528 9.72638e-05
          80    -0.48228   -0.482525 9.60902e-05
          81   -0.481987   -0.482518 9.51286e-05
          82    -0.48156   -0.482506 9.46849e-05
          83   -0.482128   -0.482502 9.36481e-05
          84   -0.485395   -0.482536 9.87281e-05
          85   -0.483976   -0.482553 9.90193e-05
          86   -0.483083   -0.482559 9.80546e-05
          87   -0.482189   -0.482555 9.70143e-05
          88   -0.482307   -0.482552  9.5947e-05
          89   -0.482987   -0.482557 9.49883e-05
          90   -0.482621   -0.482558 9.39297e-05
          91   -0.481581   -0.482547 9.35095e-05
          92   -0.482093   -0.482542 9.26189e-05
          93   -0.482293   -0.482539 9.16566e-05
          94   -0.482752   -0.482542 9.07045e-05
          95   -0.483069   -0.482547 8.99163e-05
          96   -0.483147   -0.482554 8.91936e-05
          97   -0.482475   -0.482553  8.8273e-05
          98   -0.479253   -0.482519   9.363e-05
          99   -0.482955   -0.482523 9.27838e-05
         100   -0.482077   -0.482519 9.19596e-05
