           1     79.7166     79.7166           0
           2      73.624     76.6703      3.0463
           3     80.7727     78.0378     2.22785
           4     78.2568     78.0925     1.57628
           5     76.0107     77.6762     1.29002
           6     80.8834     78.2107     1.18117
           7     83.8688      79.019     1.28448
           8     78.9111     79.0055     1.11247
           9     76.7107     78.7505      1.0137
          10      81.208     78.9963    0.939395
          11     84.3939      79.487    0.981221
          12     76.5435     79.2417    0.928707
          13      78.604     79.1926    0.855694
          14     79.5428     79.2176    0.792613
          15     78.0576     79.1403    0.741924
          16     81.0105     79.2572    0.703781
          17     76.6194      79.102    0.679053
          18       79.76     79.1386     0.64126
          19     75.9942     78.9731    0.628743
          20     78.1657     78.9327    0.597842
          21     74.7643     78.7342     0.60231
          22       79.14     78.7527    0.574576
          23     84.5318     79.0039    0.603792
          24     76.8316     78.9134     0.58513
          25     81.8426     79.0306    0.573336
          26     77.2527     78.9622    0.555072
          27     79.7806     78.9925    0.534978
          28      77.283     78.9315    0.519121
          29     84.3447     79.1181    0.534551
          30     77.2839      79.057    0.520032
          31     79.7707       79.08    0.503504
          32     83.4704     79.2172    0.506453
          33     76.3979     79.1318    0.498246
          34     83.2111     79.2518    0.498038
          35     80.0618     79.2749    0.484152
          36     81.5303     79.3376    0.474664
          37     76.6448     79.2648    0.467358
          38     80.7678     79.3043     0.45661
          39     77.3613     79.2545     0.44753
          40     78.6104     79.2384    0.436495
          41     81.9613     79.3048    0.430865
          42     78.1626     79.2776    0.421359
          43     83.3881     79.3732    0.422402
          44     85.6922     79.5168    0.436965
          45     80.0714     79.5292    0.427322
          46     80.5073     79.5504     0.41847
          47     82.0007     79.6025    0.412775
          48     82.4784     79.6625    0.408502
          49     78.4658      79.638    0.400823
          50     76.6396     79.5781    0.397277
          51     77.8458     79.5441    0.390887
          52     81.7437     79.5864    0.385624
          53      74.837     79.4968    0.388747
          54     78.5307     79.4789    0.381899
          55      83.071     79.5442    0.380538
          56     80.5507     79.5622    0.374113
          57     78.8894     79.5504     0.36768
          58     80.0984     79.5598    0.361409
          59     79.0094     79.5505    0.355353
          60     80.4757     79.5659     0.34972
          61     78.2041     79.5436    0.344663
          62     77.8673     79.5166    0.340135
          63     78.5244     79.5008    0.335063
          64     76.5624     79.4549    0.332966
          65     79.3792     79.4537    0.327806
          66     81.0824     79.4784    0.323743
          67     80.0911     79.4876    0.319005
          68     79.4894     79.4876    0.314279
          69     84.6647     79.5626     0.31865
          70     77.2413     79.5295    0.315811
          71     79.3594     79.5271     0.31134
          72     73.4429     79.4426    0.318404
          73     82.3997     79.4831    0.316614
          74     75.4842      79.429    0.316947
          75     77.8829     79.4084    0.313371
          76     77.5426     79.3839    0.310193
          77      81.593     79.4125     0.30748
          78     79.7645     79.4171    0.303545
          79     77.7685     79.3962    0.300404
          80     80.8203      79.414    0.297159
          81     81.9655     79.4455    0.295153
          82     76.2132     79.4061    0.294185
          83     81.7593     79.4344    0.291998
          84     74.0523     79.3704     0.29553
          85     73.3663     79.2997    0.300454
          86     85.5218     79.3721    0.305627
          87     73.8599     79.3087    0.308666
          88     81.0046      79.328    0.305746
          89     76.1689     79.2925    0.304368
          90     78.4704     79.2834    0.301106
          91     79.8612     79.2897    0.297846
          92     82.2732     79.3221    0.296371
          93     80.0666     79.3301    0.293276
          94     76.7993     79.3032    0.291386
          95     77.8613      79.288    0.288701
          96     79.9827     79.2953     0.28577
          97     79.3311     79.2956    0.282809
          98     73.0035     79.2314    0.287177
          99      78.584     79.2249    0.284337
         100     81.8294     79.2509    0.282682
