           1   -0.583973   -0.583973           0
           2   -0.583013   -0.583493     0.00048
           3   -0.583891   -0.583626 0.000307151
           4   -0.582605   -0.583371 0.000335041
           5    -0.58196   -0.583089 0.000383341
           6   -0.583877    -0.58322 0.000339486
           7   -0.583213   -0.583219 0.000286919
           8   -0.584139   -0.583334 0.000273781
           9   -0.582984   -0.583295 0.000244564
          10   -0.581573   -0.583123 0.000278378
          11   -0.582611   -0.583076 0.000256073
          12   -0.584235   -0.583173 0.000252906
          13    -0.58136   -0.583033 0.000271235
          14   -0.584307   -0.583124 0.000267076
          15   -0.583624   -0.583158 0.000250855
          16   -0.582309   -0.583105  0.00024057
          17   -0.580813    -0.58297  0.00026312
          18   -0.584155   -0.583036 0.000256655
          19   -0.582485   -0.583007 0.000244494
          20   -0.584248   -0.583069 0.000240107
          21   -0.582792   -0.583056 0.000228767
          22   -0.583741   -0.583087 0.000220337
          23   -0.582944   -0.583081  0.00021063
          24   -0.582123   -0.583041 0.000205575
          25   -0.582429   -0.583016 0.000198691
          26   -0.583757   -0.583045 0.000193013
          27   -0.582592   -0.583028 0.000186482
          28   -0.582597   -0.583013 0.000180355
          29   -0.581912   -0.582975 0.000178115
          30   -0.583056   -0.582977 0.000172097
          31   -0.581963   -0.582945  0.00016964
          32   -0.584043   -0.582979   0.0001678
          33   -0.584755   -0.583033 0.000171306
          34    -0.58268   -0.583022 0.000166515
          35   -0.581237   -0.582971  0.00016954
          36   -0.583931   -0.582998 0.000166905
          37   -0.582309   -0.582979 0.000163395
          38   -0.582189   -0.582959  0.00016039
          39   -0.579544   -0.582871 0.000179085
          40    -0.58348   -0.582886 0.000175213
          41   -0.583227   -0.582895 0.000171087
          42   -0.583008   -0.582897 0.000166986
          43   -0.583859    -0.58292 0.000164582
          44   -0.582093   -0.582901 0.000161891
          45   -0.582328   -0.582888 0.000158764
          46   -0.583955   -0.582911 0.000156996
          47   -0.584571   -0.582947 0.000157624
          48   -0.582816   -0.582944 0.000154329
          49   -0.582424   -0.582933 0.000151519
          50   -0.583957   -0.582954 0.000149863
          51   -0.583443   -0.582963 0.000147208
          52   -0.583464   -0.582973  0.00014467
          53   -0.582427   -0.582963 0.000142288
          54   -0.582464   -0.582953 0.000139933
          55   -0.584875   -0.582988 0.000141737
          56   -0.583088    -0.58299 0.000139195
          57   -0.582875   -0.582988 0.000136746
          58   -0.582235   -0.582975 0.000134994
          59   -0.583061   -0.582977 0.000132694
          60   -0.581696   -0.582955 0.000132198
          61   -0.585317   -0.582994 0.000135657
          62   -0.581651   -0.582972 0.000135198
          63   -0.582592   -0.582966 0.000133172
          64   -0.583499   -0.582975 0.000131338
          65   -0.583387   -0.582981 0.000129457
          66   -0.581037   -0.582951 0.000130838
          67   -0.582128   -0.582939 0.000129455
          68   -0.582099   -0.582927 0.000128135
          69   -0.583461   -0.582935 0.000126501
          70   -0.585952   -0.582978 0.000131922
          71   -0.582603   -0.582972 0.000130158
          72   -0.582539   -0.582966 0.000128479
          73   -0.583168   -0.582969 0.000126737
          74   -0.584813   -0.582994 0.000127472
          75   -0.583053   -0.582995 0.000125764
          76   -0.580139   -0.582957 0.000129664
          77   -0.582285   -0.582949 0.000128266
          78   -0.585064   -0.582976 0.000129483
          79   -0.582139   -0.582965 0.000128272
          80   -0.582568    -0.58296 0.000126755
          81   -0.583968   -0.582973 0.000125798
          82   -0.584093   -0.582986 0.000125004
          83   -0.583187   -0.582989 0.000123512
          84   -0.584269   -0.583004 0.000122981
          85   -0.581693   -0.582988   0.0001225
          86   -0.580475   -0.582959 0.000124546
          87   -0.583021    -0.58296 0.000123108
          88   -0.581544   -0.582944  0.00012276
          89   -0.583971   -0.582955  0.00012192
          90   -0.582475    -0.58295 0.000120676
          91   -0.583179   -0.582953 0.000119369
          92   -0.584635   -0.582971 0.000119472
          93   -0.582341   -0.582964 0.000118374
          94   -0.583365   -0.582968 0.000117186
          95   -0.583117    -0.58297 0.000115956
          96    -0.58256   -0.582966 0.000114821
          97   -0.582299   -0.582959 0.000113839
          98   -0.580877   -0.582938 0.000114656
          99   -0.582683   -0.582935 0.000113521
         100   -0.582467    -0.58293 0.000112478
