           1   0.0366533   0.0366533           0
           2    0.045028   0.0408407  0.00418733
           3   0.0365373   0.0394062  0.00281109
           4   0.0451787   0.0408493  0.00245635
           5   0.0492373   0.0425269  0.00253664
           6   0.0474107   0.0433409  0.00222536
           7    0.048136   0.0440259  0.00200164
           8   0.0512107    0.044924   0.0019523
           9    0.042268   0.0446289  0.00174688
          10    0.041936   0.0443596  0.00158549
          11   0.0484733   0.0447336  0.00148209
          12   0.0467347   0.0449003  0.00136319
          13   0.0445333   0.0448721  0.00125427
          14     0.04364   0.0447841  0.00116456
          15    0.042196   0.0446116  0.00109779
          16   0.0433213   0.0445309  0.00103005
          17    0.043016   0.0444418  0.00097166
          18   0.0428987   0.0443561 0.000920093
          19   0.0449387   0.0443867  0.00087086
          20   0.0402133   0.0441781 0.000852116
          21    0.039036   0.0439332 0.000846703
          22   0.0434707   0.0439122 0.000807573
          23   0.0472347   0.0440566 0.000785067
          24   0.0427213    0.044001 0.000753701
          25   0.0416533   0.0439071 0.000728998
          26   0.0395293   0.0437387 0.000720353
          27   0.0476013   0.0438818 0.000707769
          28   0.0461533   0.0439629 0.000686832
          29   0.0471933   0.0440743 0.000672021
          30   0.0465333   0.0441563 0.000654388
          31     0.04708   0.0442506 0.000639915
          32   0.0416293   0.0441687 0.000624987
          33    0.046644   0.0442437 0.000610378
          34   0.0397413   0.0441113  0.00060678
          35   0.0455827   0.0441533 0.000590686
          36      0.0399   0.0440351 0.000586076
          37   0.0434707   0.0440199  0.00057022
          38    0.049976   0.0441766 0.000576719
          39   0.0394253   0.0440548 0.000574796
          40     0.05502   0.0443289 0.000623713
          41   0.0404453   0.0442342 0.000615641
          42   0.0370693   0.0440636 0.000624554
          43    0.042096   0.0440179 0.000611571
          44   0.0388853   0.0439012  0.00060879
          45   0.0447707   0.0439205 0.000595421
          46   0.0515387   0.0440861 0.000605425
          47   0.0391453    0.043981 0.000601658
          48    0.045692   0.0440167 0.000590068
          49   0.0457853   0.0440528 0.000579026
          50   0.0381427   0.0439346  0.00057951
          51   0.0425053   0.0439065 0.000568725
          52   0.0343813   0.0437234 0.000586993
          53     0.04532   0.0437535 0.000576599
          54   0.0471493   0.0438164 0.000569304
          55   0.0470707   0.0438755 0.000561981
          56   0.0461253   0.0439157 0.000553315
          57   0.0458787   0.0439502 0.000544611
          58    0.041184   0.0439025  0.00053726
          59    0.044676   0.0439156 0.000528238
          60    0.041464   0.0438747 0.000520964
          61   0.0430267   0.0438608 0.000512541
          62   0.0432787   0.0438514 0.000504294
          63   0.0427413   0.0438338 0.000496537
          64   0.0401947   0.0437769 0.000492014
          65   0.0366107   0.0436667 0.000496774
          66    0.043372   0.0436622  0.00048921
          67   0.0459013   0.0436956  0.00048301
          68     0.04896   0.0437731 0.000482111
          69   0.0427173   0.0437578 0.000475318
          70    0.047828   0.0438159 0.000472074
          71    0.040248   0.0437657 0.000468083
          72   0.0488093   0.0438357 0.000466821
          73   0.0532347   0.0439645 0.000478047
          74    0.038992   0.0438973 0.000476306
          75   0.0381747    0.043821 0.000476067
          76    0.040068   0.0437716  0.00047235
          77   0.0460573   0.0438013 0.000467119
          78   0.0463733   0.0438342 0.000462269
          79   0.0464093   0.0438668 0.000457543
          80   0.0468893   0.0439046 0.000453364
          81    0.046692    0.043939 0.000449053
          82   0.0443333   0.0439438 0.000443569
          83    0.049556   0.0440115 0.000443378
          84   0.0441533   0.0440131 0.000438071
          85     0.04658   0.0440433 0.000433939
          86   0.0440387   0.0440433 0.000428863
          87   0.0413213    0.044012 0.000425058
          88     0.04664   0.0440419  0.00042126
          89   0.0460733   0.0440647 0.000417125
          90   0.0473413   0.0441011 0.000414068
          91   0.0472373   0.0441356  0.00041094
          92    0.050128   0.0442007 0.000411635
          93   0.0434667   0.0441928 0.000407261
          94   0.0396853   0.0441449 0.000405749
          95   0.0457427   0.0441617 0.000401807
          96   0.0446107   0.0441663 0.000397627
          97   0.0403053   0.0441265 0.000395514
          98   0.0453653   0.0441392 0.000391662
          99    0.036756   0.0440646 0.000394793
         100    0.042448   0.0440484  0.00039116
