           1      10.131      10.131           0
           2     9.66911     9.90005    0.230947
           3     9.94398      9.9147    0.134139
           4     10.9743     10.1796    0.281371
           5     10.2018      10.184    0.217994
           6     10.2727     10.1988    0.178603
           7      10.514     10.2438     0.15752
           8     10.0304     10.2172       0.139
           9     10.9222     10.2955    0.145479
          10     10.3487     10.3008    0.130229
          11     9.79506     10.2548    0.126452
          12     10.3399     10.2619    0.115652
          13     9.93297     10.2366    0.109352
          14     10.3857     10.2473    0.101799
          15     10.1678      10.242   0.0949177
          16     10.3943     10.2515   0.0892964
          17     10.8543      10.287   0.0910652
          18     10.2436     10.2845   0.0858909
          19     10.2641     10.2835   0.0812518
          20      9.9184     10.2652    0.079214
          21     9.84743     10.2453   0.0779298
          22     10.5829     10.2607   0.0758714
          23     9.97327     10.2482   0.0735666
          24     9.83899     10.2311   0.0724688
          25     10.3474     10.2358   0.0696651
          26     10.7462     10.2554   0.0697516
          27     9.93107     10.2434    0.068185
          28     10.0877     10.2378   0.0659395
          29     10.3274     10.2409   0.0637001
          30     10.1024     10.2363    0.061713
          31     9.89341     10.2252   0.0607054
          32       9.993      10.218   0.0592241
          33      10.465     10.2255   0.0578874
          34     10.1005     10.2218   0.0562792
          35     10.2658     10.2231   0.0546621
          36     10.6475     10.2348   0.0544146
          37     10.3215     10.2372   0.0529752
          38     9.78653     10.2253   0.0529085
          39     10.2897      10.227   0.0515605
          40     9.91063     10.2191   0.0508734
          41     10.1522     10.2174   0.0496439
          42     10.2098     10.2173   0.0484478
          43     10.2945     10.2191   0.0473418
          44     10.3676     10.2224   0.0463764
          45     9.88311     10.2149   0.0459569
          46      10.048     10.2113    0.045093
          47     9.83548     10.2033   0.0448417
          48     9.93645     10.1977   0.0442481
          49     10.3038     10.1999   0.0433897
          50     10.7589     10.2111   0.0439589
          51     10.3863     10.2145   0.0432252
          52     10.2422      10.215   0.0423892
          53      9.9713     10.2104   0.0418352
          54     10.2654     10.2114   0.0410658
          55     10.3958     10.2148   0.0404513
          56     10.3437     10.2171   0.0397891
          57     9.72071     10.2084   0.0400432
          58     10.3903     10.2115   0.0394716
          59     10.2891     10.2128   0.0388191
          60     10.4143     10.2162    0.038314
          61     10.2317     10.2164   0.0376815
          62     9.94135      10.212   0.0373334
          63     10.4621      10.216   0.0369499
          64     11.0622     10.2292    0.038697
          65     10.6995     10.2364    0.038778
          66     9.97386     10.2325   0.0383926
          67     9.95676     10.2283   0.0380385
          68     10.7052     10.2354   0.0381255
          69     9.97187     10.2315   0.0377625
          70     10.4729      10.235   0.0373785
          71     9.95031      10.231   0.0370658
          72     10.6606     10.2369   0.0370313
          73     10.5834     10.2417   0.0368277
          74     10.7478     10.2485   0.0369649
          75     10.0661     10.2461   0.0365497
          76     10.7708      10.253   0.0367205
          77     10.0259     10.2501   0.0363603
          78     10.7494     10.2565   0.0364576
          79     10.3053     10.2571   0.0359984
          80     10.2012     10.2564   0.0355525
          81     9.89977      10.252   0.0353857
          82      10.068     10.2497   0.0350235
          83     10.1793     10.2489   0.0346094
          84     10.0998     10.2471   0.0342409
          85     9.73659     10.2411   0.0343646
          86     11.6853     10.2579   0.0378877
          87     10.1911     10.2571   0.0374575
          88     10.2942     10.2575   0.0370318
          89     10.3948     10.2591   0.0366458
          90      10.665     10.2636    0.036516
          91     10.6328     10.2677   0.0363397
          92     10.1122      10.266   0.0359822
          93     10.3799     10.2672   0.0356143
          94     10.2125     10.2666   0.0352382
          95     10.4425     10.2685   0.0349144
          96     9.29865     10.2584   0.0359955
          97     10.3484     10.2593   0.0356346
          98     10.0325      10.257   0.0353449
          99     9.98753     10.2543   0.0350918
         100     10.2948     10.2547   0.0347415
