           1     4.45166     4.45166           0
           2     4.51301     4.48234   0.0306733
           3     4.50792     4.49086   0.0196548
           4     4.39982      4.4681   0.0266696
           5     4.32508      4.4395   0.0352834
           6     4.50353     4.45017   0.0307218
           7     4.34626     4.43533   0.0299086
           8     4.38833     4.42945   0.0265594
           9     4.34856     4.42046   0.0250882
          10     4.33272     4.41169    0.024094
          11     4.45003     4.41518   0.0220708
          12     4.41861     4.41546   0.0201498
          13     4.35812     4.41105   0.0190527
          14     4.40898      4.4109     0.01764
          15     4.20217     4.39699   0.0215249
          16     4.36106     4.39474   0.0202596
          17     4.42976      4.3968   0.0191417
          18     4.39527     4.39672   0.0180472
          19     4.44324     4.39916   0.0172456
          20     4.34177     4.39629   0.0166104
          21     4.36253     4.39469   0.0158812
          22     4.26616     4.38884   0.0162301
          23     4.44895     4.39146   0.0157271
          24     4.49778     4.39589   0.0156957
          25     4.45166     4.39812   0.0152191
          26     4.41287     4.39869   0.0146331
          27     4.53299     4.40366   0.0149334
          28     4.35822     4.40204   0.0144814
          29     4.30621     4.39873   0.0143586
          30       4.411     4.39914   0.0138777
          31     4.44474     4.40061   0.0135029
          32     4.20415     4.39447   0.0144439
          33     4.38166     4.39409   0.0140047
          34     4.44827     4.39568   0.0136797
          35     4.41514     4.39623   0.0132947
          36     4.32715     4.39432   0.0130619
          37      4.4918     4.39695   0.0129743
          38     4.32478     4.39505   0.0127703
          39     4.44775      4.3964   0.0125117
          40     4.51001     4.39924   0.0125213
          41     4.33246     4.39761   0.0123202
          42     4.44148     4.39866   0.0120685
          43     4.37939     4.39821   0.0117931
          44     4.23278     4.39445   0.0121198
          45     4.40841     4.39476   0.0118515
          46     4.40273     4.39493   0.0115923
          47     4.37176     4.39444   0.0113536
          48     4.41995     4.39497   0.0111273
          49     4.30555     4.39315   0.0110496
          50     4.36168     4.39252   0.0108446
          51     4.36309     4.39194   0.0106455
          52     4.52519      4.3945   0.0107487
          53     4.37643     4.39416   0.0105494
          54     4.40518     4.39437   0.0103542
          55     4.45951     4.39555    0.010233
          56     4.38584     4.39538   0.0100501
          57     4.39495     4.39537  0.00987222
          58     4.29161     4.39358   0.0098641
          59     4.47116      4.3949  0.00978424
          60     4.26097     4.39266  0.00987534
          61     4.52212     4.39479  0.00994128
          62     4.50735      4.3966  0.00994671
          63     4.36509      4.3961  0.00980033
          64     4.54608     4.39844  0.00992654
          65     4.57328     4.40113    0.010136
          66     4.41009     4.40127   0.0099822
          67     4.37001      4.4008  0.00984315
          68     4.29711     4.39928  0.00981649
          69      4.2542     4.39718  0.00989904
          70     4.42432     4.39756   0.0097643
          71     4.61089     4.40057   0.0100838
          72     4.44824     4.40123  0.00996481
          73     4.46242     4.40207  0.00986304
          74      4.4582     4.40283  0.00975836
          75     4.36095     4.40227  0.00964355
          76       4.481      4.4033  0.00957204
          77     4.44103     4.40379  0.00945961
          78     4.38297     4.40353  0.00934136
          79     4.34341     4.40277   0.0092537
          80     4.44566      4.4033  0.00915301
          81     4.43173     4.40365  0.00904612
          82     4.38559     4.40343  0.00893783
          83     4.30628     4.40226  0.00890674
          84     4.37907     4.40199   0.0088044
          85     4.47502     4.40285  0.00874253
          86     4.23508      4.4009  0.00885775
          87     4.30312     4.39977  0.00882718
          88     4.36893     4.39942  0.00873333
          89     4.48036     4.40033  0.00868241
          90     4.67715     4.40341  0.00911971
          91     4.49097     4.40437  0.00907013
          92     4.53812     4.40582  0.00908804
          93     4.36285     4.40536  0.00900165
          94     4.38313     4.40512  0.00890852
          95     4.41378     4.40521  0.00881472
          96     4.34907     4.40463    0.008742
          97     4.60822     4.40673  0.00890236
          98     4.43373       4.407  0.00881535
          99     4.38626     4.40679  0.00872837
         100     4.35526     4.40628    0.008656
