           1   -0.890536   -0.890536           0
           2   -0.894445   -0.892491  0.00195467
           3   -0.891107   -0.892029  0.00121918
           4   -0.891075   -0.891791 0.000894518
           5   -0.893688    -0.89217 0.000789995
           6   -0.891251   -0.892017 0.000662982
           7   -0.892109    -0.89203 0.000560478
           8   -0.892643   -0.892107 0.000491391
           9   -0.893965   -0.892313 0.000480058
          10   -0.890424   -0.892124   0.0004691
          11   -0.890032   -0.891934 0.000464998
          12   -0.892368    -0.89197 0.000426021
          13   -0.889099   -0.891749 0.000449848
          14   -0.889989   -0.891624 0.000435039
          15   -0.887168   -0.891327 0.000502253
          16   -0.890685   -0.891286 0.000471521
          17   -0.894461   -0.891473 0.000480679
          18   -0.892811   -0.891548 0.000459239
          19    -0.89132   -0.891536 0.000434562
          20   -0.892293   -0.891573 0.000413999
          21   -0.891981   -0.891593  0.00039427
          22   -0.892315   -0.891626 0.000377351
          23   -0.891456   -0.891618 0.000360646
          24   -0.890872   -0.891587  0.00034669
          25   -0.893653    -0.89167 0.000342649
          26   -0.891112   -0.891648 0.000329905
          27   -0.893216   -0.891706 0.000322717
          28   -0.889621   -0.891632  0.00031977
          29   -0.895568   -0.891768 0.000337079
          30   -0.889499   -0.891692 0.000334317
          31   -0.896581    -0.89185 0.000359767
          32     -0.8928    -0.89188 0.000349606
          33   -0.891755   -0.891876 0.000338867
          34   -0.891179   -0.891855 0.000329388
          35   -0.893736   -0.891909 0.000324321
          36   -0.889973   -0.891855 0.000319737
          37   -0.889171   -0.891783 0.000319327
          38   -0.889957   -0.891735   0.0003145
          39   -0.893272   -0.891774 0.000308856
          40   -0.890293   -0.891737 0.000303303
          41   -0.893915    -0.89179 0.000300543
          42   -0.891168   -0.891775 0.000293674
          43   -0.896677   -0.891889 0.000308592
          44   -0.894312   -0.891944 0.000306484
          45   -0.892272   -0.891952 0.000299684
          46   -0.887472   -0.891854 0.000308852
          47   -0.893048    -0.89188 0.000303274
          48   -0.890349   -0.891848 0.000298596
          49   -0.893597   -0.891883  0.00029461
          50   -0.888651   -0.891819  0.00029581
          51   -0.891488   -0.891812 0.000290025
          52   -0.888216   -0.891743 0.000292681
          53   -0.891797   -0.891744 0.000287108
          54   -0.891968   -0.891748 0.000281771
          55   -0.890429   -0.891724 0.000277638
          56   -0.892152   -0.891732 0.000272742
          57   -0.891275   -0.891724 0.000268035
          58   -0.891675   -0.891723 0.000263374
          59   -0.893723   -0.891757 0.000261081
          60   -0.890907   -0.891743 0.000257084
          61   -0.892429   -0.891754 0.000253084
          62   -0.894371   -0.891796  0.00025252
          63   -0.890597   -0.891777 0.000249208
          64   -0.889472   -0.891741 0.000247913
          65   -0.893067   -0.891762  0.00024492
          66   -0.890165   -0.891737  0.00024239
          67   -0.891565   -0.891735 0.000238759
          68   -0.896256   -0.891801 0.000244437
          69   -0.896144   -0.891864 0.000248955
          70   -0.894523   -0.891902 0.000248295
          71   -0.888192    -0.89185 0.000250289
          72   -0.893003   -0.891866 0.000247307
          73   -0.895133   -0.891911 0.000247968
          74   -0.889789   -0.891882 0.000246269
          75     -0.8926   -0.891892 0.000243151
          76    -0.89176    -0.89189 0.000239937
          77    -0.89208   -0.891892 0.000236813
          78   -0.888739   -0.891852 0.000237228
          79   -0.891683    -0.89185 0.000234216
          80   -0.892168   -0.891854 0.000231304
          81   -0.893008   -0.891868 0.000228875
          82   -0.890467   -0.891851 0.000226711
          83   -0.893424    -0.89187 0.000224764
          84   -0.895608   -0.891914 0.000226487
          85    -0.88832   -0.891872 0.000227766
          86   -0.894107   -0.891898 0.000226597
          87    -0.89076   -0.891885 0.000224359
          88   -0.892283    -0.89189 0.000221841
          89   -0.889027   -0.891857  0.00022168
          90   -0.891152    -0.89185 0.000219343
          91   -0.890451   -0.891834 0.000217464
          92   -0.893989   -0.891858 0.000216359
          93   -0.892339   -0.891863 0.000214082
          94   -0.892397   -0.891868 0.000211869
          95   -0.895464   -0.891906 0.000213016
          96   -0.889224   -0.891878 0.000212629
          97     -0.8944   -0.891904 0.000212025
          98   -0.895059   -0.891937 0.000212305
          99   -0.896827   -0.891986 0.000215876
         100   -0.890629   -0.891972 0.000214137
