           1    0.431887    0.431887           0
           2      0.4293    0.430593  0.00129347
           3    0.425522    0.428903  0.00184816
           4    0.437914    0.431156   0.0026043
           5    0.432563    0.431437  0.00203684
           6     0.43186    0.431508  0.00166457
           7    0.435546    0.432085  0.00152054
           8    0.425176    0.431221  0.00157475
           9    0.427453    0.430802  0.00145053
          10    0.429431    0.430665  0.00130462
          11    0.439633     0.43148   0.0014343
          12    0.438101    0.432032  0.00142081
          13    0.427276    0.431666  0.00135719
          14    0.447345    0.432786  0.00168314
          15    0.443861    0.433525  0.00173216
          16    0.447678    0.434409  0.00184603
          17    0.439877    0.434731  0.00176363
          18    0.455909    0.435907  0.00203693
          19    0.437002    0.435965  0.00192761
          20    0.428168    0.435575  0.00186979
          21    0.429597     0.43529  0.00180116
          22    0.450695    0.435991  0.00185461
          23    0.427939    0.435641  0.00180639
          24    0.435903    0.435651  0.00172952
          25    0.435518    0.435646   0.0016589
          26    0.449627    0.436184  0.00168208
          27    0.431744    0.436019  0.00162692
          28    0.432791    0.435904  0.00157197
          29    0.438961    0.436009  0.00152046
          30     0.42916    0.435781  0.00148654
          31    0.433411    0.435705  0.00143982
          32     0.43529    0.435692  0.00139416
          33    0.439733    0.435814  0.00135679
          34    0.431453    0.435686  0.00132251
          35    0.434726    0.435659  0.00128446
          36    0.438529    0.435738  0.00125082
          37    0.434083    0.435694  0.00121737
          38    0.431472    0.435582  0.00119009
          39     0.44216    0.435751  0.00117138
          40    0.439554    0.435846  0.00114567
          41    0.425764      0.4356  0.00114412
          42    0.436259    0.435616  0.00111666
          43    0.431208    0.435513  0.00109519
          44    0.433115    0.435459  0.00107139
          45    0.434211    0.435431  0.00104768
          46     0.42625    0.435232  0.00104391
          47    0.428779    0.435094  0.00103064
          48    0.424582    0.434875  0.00103243
          49    0.426658    0.434708  0.00102496
          50    0.438504    0.434784  0.00100712
          51    0.436313    0.434814 0.000987626
          52    0.432967    0.434778 0.000969098
          53    0.439254    0.434863  0.00095438
          54    0.441839    0.434992 0.000945409
          55    0.433038    0.434956  0.00092874
          56    0.426857    0.434812   0.0009234
          57    0.439192    0.434888 0.000910306
          58     0.43324     0.43486 0.000894924
          59    0.440866    0.434962 0.000885496
          60    0.427407    0.434836 0.000879671
          61    0.441127    0.434939 0.000871255
          62    0.441961    0.435052 0.000864537
          63    0.442333    0.435168 0.000858519
          64    0.442196    0.435278 0.000852103
          65    0.430995    0.435212 0.000841474
          66    0.437648    0.435249 0.000829448
          67    0.433334     0.43522 0.000817475
          68    0.440259    0.435294 0.000808764
          69    0.439192    0.435351 0.000798957
          70     0.43531     0.43535  0.00078746
          71    0.437253    0.435377 0.000776753
          72    0.442377    0.435474 0.000772034
          73    0.429561    0.435393 0.000765682
          74    0.433044    0.435361 0.000755931
          75    0.428728    0.435273  0.00075101
          76    0.436991    0.435296 0.000741407
          77    0.431541    0.435247 0.000733338
          78    0.430847     0.43519 0.000726069
          79    0.435122     0.43519  0.00071682
          80    0.434308    0.435179 0.000707889
          81     0.43442    0.435169 0.000699158
          82    0.424672    0.435041 0.000702343
          83    0.441527    0.435119 0.000698215
          84    0.434966    0.435117 0.000689856
          85    0.422992    0.434975 0.000696457
          86    0.450899     0.43516 0.000712783
          87    0.430474    0.435106 0.000706598
          88    0.429589    0.435043  0.00070133
          89    0.433827     0.43503  0.00069354
          90    0.436678    0.435048 0.000686035
          91     0.44105    0.435114 0.000681652
          92    0.429118    0.435049 0.000677345
          93     0.44909      0.4352 0.000686822
          94    0.447808    0.435334 0.000692589
          95    0.427792    0.435255 0.000689843
          96    0.424607    0.435144 0.000691572
          97    0.435553    0.435148 0.000684418
          98    0.437697    0.435174 0.000677897
          99    0.447397    0.435297 0.000682279
         100    0.429534     0.43524 0.000677876
