           1     7.46408     7.46408           0
           2     7.39187     7.42797   0.0361053
           3     7.23218     7.36271   0.0685118
           4     7.15701     7.31129   0.0706499
           5     7.55896     7.36082   0.0738138
           6     7.37164     7.36262   0.0602957
           7     7.41515     7.37013   0.0515086
           8     7.31897     7.36373   0.0450638
           9     7.20788     7.34642   0.0433513
          10     7.40351     7.35213   0.0391927
          11     7.07346     7.32679   0.0435724
          12     7.58785     7.34855   0.0453364
          13     7.49185     7.35957   0.0431357
          14     7.32861     7.35736   0.0399971
          15     7.62153     7.37497   0.0411902
          16     7.07819     7.35642   0.0427621
          17     7.25859     7.35067   0.0405781
          18     7.39003     7.35285   0.0383199
          19     7.30381     7.35027   0.0363388
          20      7.2498     7.34525   0.0348381
          21     7.34891     7.34542   0.0331381
          22      7.1945     7.33856   0.0323321
          23      7.4693     7.34425    0.031413
          24     7.42755     7.34772   0.0302753
          25     7.46091     7.35225   0.0293899
          26       7.371     7.35297   0.0282461
          27     7.42249     7.35554   0.0273015
          28     7.07742     7.34561   0.0281211
          29     7.43508     7.34869   0.0273089
          30     7.96263     7.36916   0.0333894
          31     7.55207     7.37506   0.0328289
          32     7.42342     7.37657   0.0318224
          33     7.40501     7.37743   0.0308551
          34     7.01586      7.3668   0.0317667
          35     7.60455     7.37359   0.0315849
          36     7.36842     7.37345   0.0306953
          37     7.77397     7.38427   0.0317561
          38     7.24375     7.38057   0.0311296
          39     7.80229     7.39139   0.0321913
          40      7.5626     7.39567   0.0316668
          41     7.41431     7.39612   0.0308882
          42     7.17658     7.39089   0.0305936
          43     7.37701     7.39057   0.0298754
          44     7.12325      7.3845   0.0298141
          45     7.67783     7.39101   0.0298642
          46     7.42338     7.39172   0.0292162
          47     7.18634     7.38735   0.0289199
          48     7.30136     7.38556   0.0283676
          49     7.19287     7.38162   0.0280595
          50     7.15802     7.37715    0.027854
          51     7.41847     7.37796   0.0273144
          52     7.09887      7.3726   0.0273164
          53     7.42026     7.37349   0.0268111
          54     7.40426     7.37406   0.0263161
          55     7.65503     7.37917   0.0263335
          56      7.3908     7.37938   0.0258598
          57      7.3244     7.37842   0.0254204
          58      7.0666     7.37304   0.0255502
          59     7.15826      7.3694   0.0253759
          60     7.61006     7.37341   0.0252698
          61     7.43368      7.3744   0.0248717
          62     7.84588       7.382   0.0256218
          63     7.04779      7.3767   0.0257639
          64      7.2965     7.37545   0.0253891
          65      7.4479     7.37656   0.0250203
          66     7.67226     7.38104   0.0250423
          67     7.13381     7.37735   0.0249402
          68     7.33609     7.37674   0.0245782
          69     7.53452     7.37903    0.024327
          70     7.58691       7.382   0.0241602
          71      7.2261      7.3798   0.0239185
          72     7.29322      7.3786   0.0236146
          73     7.37043     7.37849   0.0232891
          74     7.44504     7.37939   0.0229898
          75     7.41001      7.3798   0.0226849
          76      7.7729     7.38497   0.0229743
          77     7.65117     7.38843    0.022936
          78      7.5754     7.39082   0.0227665
          79     7.67955     7.39448   0.0227717
          80     7.31443     7.39348   0.0225075
          81     7.32149     7.39259   0.0222457
          82     7.61082     7.39525   0.0221333
          83     7.49004     7.39639   0.0218948
          84     7.70987     7.40012   0.0219521
          85     7.35044     7.39954   0.0217002
          86     7.65887     7.40256   0.0216573
          87     7.76678     7.40674   0.0218125
          88     7.24745     7.40493    0.021639
          89     7.05622     7.40101   0.0217503
          90     7.21576     7.39896   0.0216056
          91     7.46991     7.39973   0.0213811
          92     7.41529      7.3999   0.0211481
          93     7.62597     7.40233   0.0210602
          94     7.39186     7.40222   0.0208352
          95     7.37339     7.40192    0.020617
          96     7.15734     7.39937   0.0205595
          97     7.33222     7.39868   0.0203583
          98     7.27921     7.39746   0.0201863
          99     7.48075      7.3983   0.0199991
         100     7.25073     7.39683    0.019853
