           1    0.230122    0.230122           0
           2    0.227876    0.228999  0.00112273
           3    0.229397    0.229132 0.000661641
           4     0.23131    0.229676 0.000718035
           5    0.234443     0.23063  0.00110363
           6    0.231437    0.230764 0.000911104
           7    0.234297    0.231269  0.00092071
           8    0.233207    0.231511 0.000833361
           9     0.22728    0.231041 0.000872445
          10    0.231341    0.231071 0.000780915
          11    0.232211    0.231175 0.000713926
          12    0.229649    0.231048 0.000664016
          13    0.227297    0.230759 0.000675517
          14    0.228881    0.230625 0.000639637
          15     0.23122    0.230665 0.000596792
          16    0.231433    0.230713  0.00056031
          17    0.228281     0.23057 0.000545404
          18    0.229895    0.230532 0.000515577
          19    0.230462    0.230528 0.000487701
          20    0.230545    0.230529 0.000462675
          21    0.230731    0.230539 0.000440196
          22    0.231276    0.230572 0.000421045
          23    0.232925    0.230675 0.000415118
          24    0.228906    0.230601 0.000404223
          25    0.230701    0.230605 0.000387737
          26     0.23184    0.230652 0.000375541
          27    0.232028    0.230703 0.000364938
          28    0.229595    0.230664 0.000353883
          29    0.229017    0.230607 0.000346149
          30    0.222972    0.230353  0.00042023
          31    0.229165    0.230314 0.000408249
          32     0.23025    0.230312  0.00039529
          33    0.231229     0.23034  0.00038413
          34    0.229633    0.230319  0.00037324
          35    0.225512    0.230182 0.000387569
          36    0.230949    0.230203 0.000377252
          37    0.227271    0.230124 0.000375377
          38    0.228351    0.230077  0.00036833
          39    0.230645    0.230092 0.000359056
          40    0.228035     0.23004 0.000353721
          41    0.230767    0.230058 0.000345441
          42    0.231099    0.230083 0.000338026
          43    0.225946    0.229987 0.000343809
          44    0.231493    0.230021 0.000337645
          45    0.228749    0.229993 0.000331265
          46    0.231363    0.230022  0.00032535
          47    0.230024    0.230022 0.000318352
          48    0.230423    0.230031 0.000311761
          49    0.229847    0.230027 0.000305355
          50    0.228305    0.229993 0.000301162
          51    0.226572    0.229926 0.000302721
          52    0.230467    0.229936 0.000297025
          53    0.232816     0.22999 0.000296391
          54    0.230145    0.229993 0.000290865
          55      0.2271    0.229941 0.000290333
          56    0.230002    0.229942 0.000285103
          57    0.231519    0.229969 0.000281421
          58    0.228701    0.229947 0.000277391
          59    0.231115    0.229967 0.000273365
          60    0.229876    0.229966 0.000268775
          61    0.230213     0.22997 0.000264363
          62    0.231391    0.229993 0.000261072
          63    0.228381    0.229967 0.000258166
          64    0.233856    0.230028 0.000261265
          65    0.230175     0.23003 0.000257224
          66    0.229652    0.230024 0.000253362
          67    0.228833    0.230007 0.000250184
          68    0.229906    0.230005 0.000246482
          69    0.229442    0.229997 0.000243021
          70    0.232135    0.230028 0.000241464
          71    0.230219     0.23003 0.000238054
          72    0.231389    0.230049 0.000235481
          73    0.229945    0.230048 0.000232238
          74    0.227609    0.230015 0.000231436
          75    0.231387    0.230033 0.000229061
          76    0.229113    0.230021 0.000226351
          77    0.228495    0.230001 0.000224269
          78    0.230961    0.230013 0.000221717
          79    0.228432    0.229993 0.000219806
          80    0.230001    0.229993 0.000217041
          81    0.230723    0.230002 0.000214534
          82    0.225636    0.229949 0.000218489
          83    0.232795    0.229984 0.000218547
          84    0.229837    0.229982 0.000215936
          85    0.232371     0.23001 0.000215225
          86    0.229513    0.230004 0.000212786
          87    0.231969    0.230027 0.000211535
          88    0.230073    0.230027 0.000209118
          89    0.228239    0.230007 0.000207729
          90    0.230932    0.230017 0.000205665
          91    0.228695    0.230003 0.000203911
          92     0.23253     0.23003 0.000203544
          93    0.227454    0.230003  0.00020324
          94    0.229306    0.229995 0.000201203
          95    0.228836    0.229983 0.000199447
          96    0.230402    0.229987 0.000197407
          97    0.228022    0.229967  0.00019641
          98    0.230938    0.229977 0.000194647
          99    0.231717    0.229995 0.000193471
         100    0.229465    0.229989   0.0001916
