           1    0.631275    0.631275           0
           2    0.655599    0.643437    0.012162
           3    0.673983    0.653619   0.0123684
           4    0.668301    0.657289  0.00948487
           5    0.676789    0.661189  0.00831791
           6    0.732784    0.673122   0.0137298
           7    0.611005    0.664248    0.014608
           8    0.649716    0.662431   0.0127806
           9    0.689955     0.66549   0.0116789
          10    0.755849    0.674526   0.0138118
          11    0.727501    0.679342   0.0133894
          12    0.653573    0.677194     0.01241
          13    0.596776    0.671008   0.0129839
          14    0.677513    0.671473   0.0120297
          15    0.717608    0.674549   0.0116137
          16    0.665895    0.674008   0.0108771
          17    0.682289    0.674495   0.0102289
          18    0.688759    0.675287  0.00967636
          19    0.631567    0.672986  0.00943774
          20    0.723221    0.675498  0.00929907
          21     0.64982    0.674275   0.0089293
          22     0.62726    0.672138  0.00877787
          23    0.770131    0.676399  0.00940761
          24    0.709909    0.677795  0.00911469
          25    0.754269    0.680854  0.00926221
          26    0.671312    0.680487  0.00890641
          27    0.617417    0.678151  0.00888284
          28    0.586311    0.674871  0.00916664
          29    0.684131     0.67519  0.00885066
          30    0.792827    0.679112   0.0094068
          31    0.611505    0.676931  0.00935601
          32    0.625044    0.675309  0.00920289
          33    0.674132    0.675274  0.00891973
          34    0.729203     0.67686  0.00879758
          35    0.604963    0.674805  0.00878603
          36    0.608121    0.672953   0.0087371
          37    0.728873    0.674465  0.00863104
          38    0.699977    0.675136  0.00842762
          39     0.70074    0.675792   0.0082349
          40    0.654392    0.675257   0.0080442
          41    0.643819    0.674491  0.00788293
          42    0.627077    0.673362  0.00777534
          43    0.700881    0.674002  0.00761929
          44    0.667707    0.673859  0.00744548
          45    0.714156    0.674754  0.00733303
          46    0.694044    0.675173  0.00718409
          47    0.623256    0.674069  0.00711584
          48    0.719152    0.675008  0.00702905
          49    0.670703     0.67492  0.00688467
          50    0.702935    0.675481   0.0067688
          51    0.631167    0.674612   0.0066914
          52    0.720717    0.675498  0.00662109
          53    0.688065    0.675735  0.00649929
          54    0.707632    0.676326   0.0064051
          55    0.689155    0.676559  0.00629189
          56    0.653913    0.676155  0.00619173
          57    0.643944     0.67559  0.00610833
          58    0.671733    0.675523  0.00600246
          59    0.643597    0.674982  0.00592461
          60    0.713917    0.675631  0.00586106
          61    0.636173    0.674984  0.00580036
          62    0.601368    0.673797  0.00582826
          63    0.656017    0.673515  0.00574195
          64    0.685415    0.673701  0.00565457
          65    0.567724     0.67207  0.00580074
          66     0.67548    0.672122  0.00571241
          67    0.705381    0.672618  0.00564836
          68    0.772003     0.67408  0.00575341
          69    0.610956    0.673165  0.00574275
          70     0.67472    0.673187  0.00566016
          71    0.669497    0.673135  0.00558011
          72    0.635931    0.672618  0.00552627
          73    0.626705     0.67199  0.00548622
          74    0.738604     0.67289  0.00548593
          75    0.590431     0.67179  0.00552284
          76    0.713335    0.672337  0.00547703
          77    0.697443    0.672663  0.00541526
          78    0.676881    0.672717  0.00534565
          79    0.620579    0.672057  0.00531866
          80    0.711325    0.672548  0.00527464
          81    0.708559    0.672993  0.00522805
          82    0.690568    0.673207  0.00516835
          83    0.646399    0.672884  0.00511591
          84    0.608645    0.672119  0.00511216
          85    0.661532    0.671995  0.00505319
          86    0.642773    0.671655  0.00500564
          87    0.695364    0.671927  0.00495526
          88    0.733453    0.672626  0.00494827
          89    0.594103    0.671744  0.00497128
          90    0.716416    0.672241  0.00494073
          91    0.631056    0.671788  0.00490705
          92    0.590099      0.6709  0.00493397
          93    0.680115    0.670999  0.00488164
          94    0.655517    0.670834  0.00483223
          95      0.6394    0.670504  0.00479253
          96    0.676944    0.670571  0.00474282
          97    0.666476    0.670528  0.00469386
          98    0.770735    0.671551  0.00475691
          99    0.672661    0.671562  0.00470863
         100    0.666733    0.671514  0.00466156
