           1   0.0363147   0.0363147           0
           2    0.038152   0.0372333 0.000918667
           3   0.0378747   0.0374471 0.000571854
           4   0.0438307    0.039043  0.00164632
           5   0.0358693   0.0384083  0.00142447
           6   0.0321867   0.0373713  0.00155819
           7   0.0437387    0.038281  0.00160052
           8   0.0406733     0.03858  0.00141799
           9   0.0332467   0.0379874  0.00138385
          10   0.0370347   0.0378921  0.00124141
          11   0.0347507   0.0376065  0.00115865
          12   0.0401933   0.0378221  0.00107944
          13   0.0416467   0.0381163  0.00103561
          14   0.0366013   0.0380081 0.000964872
          15   0.0320827   0.0376131 0.000981272
          16   0.0454347   0.0381019  0.00103996
          17   0.0416227    0.038309  0.00099858
          18      0.0289   0.0377863  0.00107685
          19    0.041212   0.0379666  0.00103443
          20   0.0424653   0.0381915   0.0010068
          21   0.0358413   0.0380796 0.000964173
          22   0.0374173   0.0380495 0.000919796
          23   0.0401347   0.0381402 0.000883559
          24   0.0419227   0.0382978 0.000860499
          25   0.0453173   0.0385786 0.000871814
          26    0.040252   0.0386429 0.000840081
          27   0.0341853   0.0384778 0.000825056
          28   0.0379627   0.0384594 0.000795256
          29   0.0326213   0.0382581 0.000793312
          30   0.0397467   0.0383077 0.000768017
          31   0.0351747   0.0382067 0.000749673
          32   0.0373653   0.0381804 0.000726343
          33    0.037352   0.0381553 0.000704436
          34    0.039672   0.0381999 0.000684858
          35   0.0330733   0.0380534 0.000680943
          36   0.0362107   0.0380022 0.000663734
          37   0.0380107   0.0380025 0.000645546
          38   0.0448347   0.0381822 0.000653547
          39    0.039144   0.0382069 0.000637046
          40     0.03114   0.0380302 0.000645561
          41    0.036304   0.0379881 0.000631025
          42   0.0379053   0.0379862 0.000615821
          43   0.0382173   0.0379915 0.000601353
          44   0.0328867   0.0378755 0.000598873
          45   0.0308493   0.0377194 0.000605877
          46   0.0367973   0.0376993 0.000592899
          47   0.0353373   0.0376491 0.000582319
          48    0.038568   0.0376682  0.00057038
          49    0.038312   0.0376814 0.000558773
          50   0.0342133    0.037612 0.000551859
          51   0.0260227   0.0373848 0.000586724
          52   0.0404693   0.0374441  0.00057838
          53   0.0396547   0.0374858 0.000568893
          54    0.036596   0.0374693 0.000558502
          55    0.038332    0.037485 0.000548477
          56    0.033104   0.0374068 0.000544246
          57   0.0426613   0.0374989 0.000542502
          58    0.033644   0.0374325 0.000537194
          59   0.0318107   0.0373372  0.00053654
          60   0.0347347   0.0372938 0.000529302
          61    0.038428   0.0373124 0.000520884
          62    0.036912    0.037306 0.000512455
          63   0.0402107   0.0373521 0.000506358
          64    0.042096   0.0374262 0.000503866
          65   0.0352667    0.037393 0.000497165
          66   0.0411253   0.0374495 0.000492829
          67    0.039356    0.037478 0.000486251
          68    0.041272   0.0375338 0.000482285
          69    0.046732   0.0376671 0.000493587
          70    0.039888   0.0376988 0.000487518
          71   0.0348893   0.0376592 0.000482229
          72   0.0394013   0.0376834 0.000476099
          73    0.037176   0.0376765 0.000469584
          74   0.0408867   0.0377199 0.000465221
          75     0.03922   0.0377399 0.000459412
          76   0.0404227   0.0377752 0.000454699
          77    0.038212   0.0377808 0.000448791
          78    0.035824   0.0377557  0.00044371
          79    0.038412   0.0377641 0.000438136
          80   0.0432853   0.0378331 0.000438095
          81   0.0348427   0.0377961 0.000434225
          82    0.035796   0.0377718  0.00042959
          83    0.043264   0.0378379  0.00042951
          84   0.0387347   0.0378486 0.000424501
          85   0.0348573   0.0378134  0.00042095
          86   0.0381173   0.0378169 0.000416042
          87   0.0395867   0.0378373 0.000411735
          88    0.032152   0.0377727 0.000412124
          89    0.038536   0.0377813 0.000407558
          90   0.0388893   0.0377936 0.000403192
          91    0.040096   0.0378189 0.000399539
          92   0.0439187   0.0378852 0.000400695
          93   0.0442573   0.0379537 0.000402242
          94    0.044972   0.0380284 0.000404884
          95   0.0354333    0.038001 0.000401529
          96     0.04364   0.0380598 0.000401643
          97   0.0414507   0.0380947 0.000399015
          98   0.0359787   0.0380731 0.000395512
          99    0.035092    0.038043 0.000392653
         100    0.044356   0.0381062   0.0003938
