           1    0.246992    0.246992           0
           2    0.247622    0.247307 0.000314861
           3    0.247471    0.247362 0.000189876
           4    0.246499    0.247146 0.000254031
           5    0.248946    0.247506 0.000410298
           6    0.248308     0.24764 0.000360683
           7    0.248896    0.247819 0.000353727
           8    0.249028     0.24797 0.000341556
           9     0.25094      0.2483 0.000446761
          10    0.249674    0.248437 0.000422547
          11    0.250134    0.248592  0.00041216
          12    0.245389    0.248325 0.000461302
          13     0.24944    0.248411 0.000432925
          14    0.250694    0.248574 0.000432724
          15    0.252779    0.248854 0.000490782
          16    0.249896    0.248919 0.000463677
          17    0.249423    0.248949 0.000436557
          18    0.249615    0.248986  0.00041325
          19    0.249198    0.248997 0.000391055
          20     0.24824    0.248959 0.000372911
          21    0.250264    0.249021 0.000360114
          22    0.249982    0.249065 0.000346122
          23    0.251968    0.249191 0.000354005
          24     0.24946    0.249202 0.000339118
          25    0.254193    0.249402 0.000381642
          26    0.252574    0.249524 0.000386435
          27    0.251653    0.249603 0.000380118
          28    0.243053    0.249369 0.000434611
          29    0.252835    0.249488 0.000436052
          30    0.248157    0.249444 0.000423598
          31    0.252735     0.24955 0.000423231
          32    0.249759    0.249557 0.000409844
          33    0.252603    0.249649 0.000407813
          34    0.252586    0.249735 0.000404954
          35    0.250922    0.249769 0.000394673
          36    0.248622    0.249737 0.000384875
          37    0.246767    0.249657 0.000382838
          38    0.249595    0.249656 0.000372631
          39    0.249148    0.249643 0.000363184
          40    0.253288    0.249734 0.000365533
          41    0.246698     0.24966 0.000364112
          42    0.251094    0.249694 0.000356973
          43    0.249789    0.249696 0.000348579
          44    0.250816    0.249721 0.000341514
          45    0.251382    0.249758 0.000335871
          46    0.245692     0.24967 0.000340175
          47    0.254911    0.249781 0.000351043
          48    0.250623    0.249799   0.0003441
          49    0.243757    0.249676 0.000358855
          50    0.249881     0.24968 0.000351629
          51     0.24771    0.249641 0.000346822
          52     0.25228    0.249692 0.000343852
          53     0.25123    0.249721 0.000338548
          54    0.244801     0.24963 0.000344484
          55    0.249298    0.249624 0.000338216
          56    0.248532    0.249604 0.000332694
          57    0.248226     0.24958 0.000327699
          58    0.246054    0.249519 0.000327689
          59    0.246743    0.249472 0.000325506
          60     0.24938    0.249471 0.000320038
          61    0.247412    0.249437 0.000316552
          62    0.249861    0.249444  0.00031148
          63    0.250045    0.249453 0.000306644
          64    0.249661    0.249457 0.000301832
          65     0.24585    0.249401 0.000302289
          66    0.248037     0.24938 0.000298391
          67    0.246014     0.24933 0.000298168
          68    0.254144    0.249401 0.000302162
          69    0.247113    0.249368 0.000299591
          70    0.250977    0.249391 0.000296174
          71    0.246388    0.249349  0.00029502
          72    0.248672    0.249339 0.000291046
          73     0.25151    0.249369 0.000288568
          74    0.245023     0.24931 0.000290637
          75    0.253188    0.249362 0.000291361
          76    0.251728    0.249393 0.000289182
          77    0.245593    0.249344 0.000289636
          78    0.248846    0.249337  0.00028597
          79    0.250442    0.249351 0.000282673
          80    0.251633     0.24938 0.000280571
          81     0.25211    0.249413 0.000279128
          82     0.25063    0.249428 0.000276102
          83    0.250061    0.249436 0.000272862
          84    0.251737    0.249463 0.000270982
          85    0.248655    0.249454 0.000267944
          86    0.252389    0.249488 0.000267001
          87    0.251548    0.249512 0.000264975
          88    0.251769    0.249537 0.000263199
          89    0.250438    0.249547 0.000260422
          90    0.249206    0.249544  0.00025754
          91    0.249253     0.24954 0.000254714
          92    0.247013    0.249513 0.000253423
          93    0.249025    0.249508 0.000250739
          94    0.248066    0.249492  0.00024853
          95     0.24896    0.249487 0.000245964
          96    0.253832    0.249532 0.000247561
          97    0.244532     0.24948 0.000250359
          98    0.252946    0.249516 0.000250303
          99    0.245467    0.249475 0.000251114
         100     0.25013    0.249482 0.000248676
