           1      44.867      44.867           0
           2     46.3552     45.6111    0.744111
           3     43.4808      44.901    0.829947
           4     44.2852     44.7471     0.60672
           5     45.5961     44.9169    0.499701
           6      42.846     44.5717    0.534412
           7     43.3499     44.3972    0.484216
           8      43.654     44.3043     0.42951
           9     45.9198     44.4838    0.419173
          10     44.7481     44.5102     0.37585
          11     44.9195     44.5474       0.342
          12     47.1424     44.7637    0.379782
          13     44.9034     44.7744    0.349514
          14     46.6632     44.9093    0.350586
          15     46.3697     45.0067    0.340589
          16     43.1165     44.8885    0.339789
          17     46.2988     44.9715     0.32978
          18     43.8014     44.9065    0.317643
          19     44.6405     44.8925    0.300786
          20     45.6978     44.9328    0.288178
          21     43.5404     44.8665    0.282017
          22     45.8796     44.9125    0.272808
          23      41.633     44.7699    0.297126
          24     47.0864     44.8664    0.300405
          25      44.443     44.8495    0.288636
          26     44.4467      44.834    0.277745
          27     44.3535     44.8162    0.267852
          28      41.355     44.6926    0.286183
          29     43.1812     44.6405    0.281014
          30     44.5797     44.6385    0.271493
          31     41.8751     44.5493    0.277306
          32     44.2313     44.5394    0.268684
          33     46.2164     44.5902    0.265327
          34     40.8661     44.4807    0.279741
          35     42.4242     44.4219    0.277913
          36     44.2952     44.4184    0.270106
          37     42.6633      44.371    0.266952
          38      43.216     44.3406    0.261604
          39      40.298     44.2369    0.275085
          40     43.0576     44.2074    0.269735
          41     45.7968     44.2462    0.265915
          42     41.5577     44.1822    0.267285
          43     47.1785     44.2519    0.270137
          44     43.0628     44.2248    0.265306
          45     41.1967     44.1575    0.267931
          46     43.2912     44.1387    0.262718
          47          44     44.1358    0.257084
          48     41.6221     44.0834    0.257062
          49     45.4528     44.1113    0.253307
          50      42.208     44.0733    0.251092
          51     44.2878     44.0775    0.246155
          52     45.0909      44.097     0.24216
          53     44.6855     44.1081    0.237807
          54     44.9779     44.1242    0.233916
          55     45.2527     44.1447    0.230539
          56     45.1432     44.1625    0.227086
          57     45.9612     44.1941    0.225287
          58     44.7798     44.2042    0.221599
          59     43.0075     44.1839    0.218753
          60     45.9617     44.2135    0.217108
          61     43.9828     44.2097    0.213552
          62     44.5904     44.2159    0.210169
          63      43.972      44.212    0.206843
          64     47.5158     44.2636    0.210028
          65     40.0624      44.199    0.216638
          66     42.9876     44.1806    0.214118
          67     44.6876     44.1882    0.211034
          68     46.7873     44.2264    0.211392
          69     43.3416     44.2136      0.2087
          70     44.0828     44.2117    0.205705
          71     45.7122     44.2329    0.203885
          72     41.7484     44.1984    0.203974
          73     44.3759     44.2008    0.201175
          74     43.9796     44.1978     0.19846
          75     42.3581     44.1733    0.197327
          76     40.7507     44.1282    0.199853
          77     42.4866     44.1069    0.198389
          78     41.7959     44.0773    0.198058
          79     44.7007     44.0852    0.195694
          80     45.9517     44.1085    0.194636
          81     41.0864     44.0712    0.195806
          82     43.5541     44.0649    0.193506
          83     44.7722     44.0734     0.19135
          84     46.8029     44.1059     0.19183
          85     46.0856     44.1292    0.190986
          86     43.7328     44.1246    0.188808
          87     43.9775     44.1229    0.186633
          88     44.3042      44.125    0.184511
          89     45.9841     44.1459    0.183618
          90     41.7983     44.1198    0.183431
          91     43.7449     44.1157    0.181451
          92     44.9112     44.1243    0.179676
          93     44.6884     44.1304    0.177837
          94     47.3004     44.1641    0.179138
          95     46.1716     44.1852    0.178497
          96     46.2985     44.2072    0.177995
          97     40.5862     44.1699    0.180062
          98     42.7364     44.1553    0.178815
          99     45.6786     44.1707    0.177667
         100     45.1116     44.1801    0.176133
