           1    0.206175    0.206175           0
           2    0.197811    0.201993    0.004182
           3    0.198804     0.20093  0.00263808
           4    0.218385    0.205294  0.00474587
           5    0.221519    0.208539  0.00490347
           6    0.166293    0.201498  0.00809959
           7    0.221984    0.204424  0.00744477
           8    0.209804    0.205097  0.00648233
           9    0.213561    0.206037  0.00579373
          10    0.191327    0.204566  0.00538682
          11    0.212589    0.205296  0.00492685
          12    0.199692    0.204829  0.00452176
          13      0.1678     0.20198  0.00504121
          14    0.200989     0.20191  0.00466779
          15    0.160771    0.199167  0.00513858
          16    0.211915    0.199964  0.00487228
          17    0.174513    0.198467  0.00481535
          18    0.195184    0.198284  0.00454361
          19    0.191112    0.197907  0.00431437
          20    0.228468    0.199435  0.00436891
          21    0.192244    0.199092  0.00416975
          22      0.2105    0.199611  0.00400937
          23    0.210908    0.200102  0.00386245
          24    0.179832    0.199257  0.00379323
          25    0.216877    0.199962  0.00370598
          26    0.208621    0.200295  0.00357613
          27    0.239404    0.201744  0.00373356
          28      0.2087    0.201992  0.00360631
          29    0.197623    0.201842    0.003483
          30    0.181173    0.201153   0.0034347
          31    0.202505    0.201196  0.00332234
          32    0.196664    0.201055  0.00321996
          33    0.184524    0.200554  0.00316081
          34    0.204364    0.200666  0.00306848
          35    0.186955    0.200274  0.00300516
          36     0.19292     0.20007  0.00292763
          37    0.221881    0.200659  0.00290779
          38    0.181181    0.200147  0.00287627
          39    0.172528    0.199438  0.00288967
          40    0.217396    0.199887  0.00285206
          41    0.219281     0.20036  0.00282156
          42    0.211325    0.200622  0.00276591
          43    0.181049    0.200166   0.0027389
          44    0.224061    0.200709  0.00273048
          45    0.220995     0.20116  0.00270691
          46    0.214289    0.201446  0.00266275
          47    0.208089    0.201587  0.00260932
          48    0.213244     0.20183   0.0025659
          49     0.15882    0.200952  0.00266187
          50    0.231943    0.201572  0.00268072
          51    0.192348    0.201391  0.00263385
          52    0.184611    0.201068  0.00260279
          53    0.210537    0.201247  0.00255945
          54    0.246845    0.202091  0.00264975
          55    0.191835    0.201905  0.00260781
          56     0.21276    0.202099  0.00256814
          57    0.191132    0.201906  0.00253001
          58    0.195075    0.201789   0.0024888
          59    0.189236    0.201576  0.00245548
          60    0.197463    0.201507  0.00241518
          61    0.191039    0.201336  0.00238145
          62    0.199269    0.201302  0.00234296
          63     0.18792     0.20109  0.00231524
          64    0.212676    0.201271  0.00228596
          65    0.199591    0.201245  0.00225066
          66    0.212404    0.201414  0.00222274
          67    0.176895    0.201048  0.00221969
          68    0.221193    0.201344  0.00220678
          69    0.199512    0.201318  0.00217472
          70    0.208637    0.201422  0.00214598
          71    0.195875    0.201344  0.00211698
          72    0.193311    0.201233  0.00209035
          73    0.202585    0.201251   0.0020616
          74    0.201797    0.201259  0.00203356
          75    0.222193    0.201538  0.00202559
          76    0.198005    0.201491   0.0019993
          77    0.211181    0.201617  0.00197717
          78    0.205023    0.201661  0.00195215
          79    0.201333    0.201657  0.00192728
          80    0.193948     0.20156  0.00190548
          81    0.223764    0.201834  0.00190167
          82    0.210641    0.201942   0.0018814
          83    0.238188    0.202379  0.00190921
          84    0.201645     0.20237  0.00188637
          85    0.206875    0.202423  0.00186479
          86    0.205537    0.202459  0.00184334
          87    0.193293    0.202354  0.00182507
          88    0.217124    0.202521    0.001812
          89    0.212036    0.202628  0.00179471
          90    0.217291    0.202791  0.00178212
          91    0.192823    0.202682  0.00176583
          92    0.202631    0.202681  0.00174653
          93    0.197989    0.202631  0.00172839
          94    0.218899    0.202804  0.00171864
          95     0.18034    0.202567  0.00171681
          96    0.186143    0.202396  0.00170743
          97    0.203271    0.202405  0.00168976
          98    0.192439    0.202304  0.00167552
          99    0.220389    0.202486  0.00166854
         100    0.171737    0.202179  0.00168014
