           1    0.274633    0.274633           0
           2    0.272022    0.273327  0.00130556
           3    0.269228    0.271961  0.00156051
           4    0.273232    0.272279  0.00114828
           5    0.271488    0.272121 0.000903409
           6    0.271027    0.271938 0.000759806
           7    0.269603    0.271605 0.000723673
           8    0.269695    0.271366 0.000670622
           9    0.273337    0.271585 0.000630688
          10    0.269895    0.271416 0.000588863
          11    0.273635    0.271618  0.00056955
          12    0.271477    0.271606 0.000520058
          13    0.270997    0.271559 0.000480671
          14       0.274    0.271734 0.000477952
          15    0.274127    0.271893  0.00047269
          16    0.266148    0.271534 0.000569575
          17     0.27261    0.271597 0.000538756
          18    0.270209     0.27152 0.000513768
          19    0.271658    0.271528  0.00048603
          20    0.272883    0.271595 0.000466044
          21    0.266972    0.271375  0.00049495
          22    0.269862    0.271306 0.000476905
          23    0.272144    0.271343 0.000457151
          24    0.271251    0.271339 0.000437705
          25     0.27324    0.271415 0.000426663
          26     0.26904    0.271324 0.000419979
          27    0.267932    0.271198 0.000423195
          28     0.27454    0.271317 0.000424911
          29    0.270192    0.271279 0.000411832
          30    0.271466    0.271285 0.000397916
          31    0.275814    0.271431 0.000411661
          32    0.274278     0.27152 0.000408395
          33     0.27094    0.271502 0.000396215
          34    0.278234      0.2717 0.000432386
          35    0.268862    0.271619  0.00042761
          36    0.271715    0.271622 0.000415571
          37    0.274303    0.271694 0.000410628
          38    0.270189    0.271655 0.000401634
          39    0.269817    0.271608 0.000394028
          40    0.269866    0.271564 0.000386512
          41    0.266951    0.271452 0.000393397
          42    0.270878    0.271438 0.000384159
          43    0.270121    0.271407 0.000376366
          44    0.274506    0.271478 0.000374394
          45    0.268982    0.271422 0.000370157
          46    0.271955    0.271434 0.000362206
          47    0.271401    0.271433 0.000354417
          48    0.267182    0.271345 0.000358078
          49    0.268613    0.271289 0.000355096
          50    0.273722    0.271338 0.000351308
          51    0.270562    0.271322 0.000344686
          52    0.274704    0.271387 0.000344193
          53    0.269355    0.271349 0.000339807
          54    0.269773     0.27132 0.000334729
          55    0.271005    0.271314 0.000328637
          56     0.27219     0.27133 0.000323094
          57    0.271023    0.271324 0.000317421
          58    0.268997    0.271284 0.000314472
          59    0.267227    0.271215 0.000316651
          60    0.271379    0.271218 0.000311341
          61     0.27543    0.271287 0.000313882
          62    0.267888    0.271232 0.000313608
          63    0.269808     0.27121 0.000309416
          64    0.268234    0.271163 0.000308071
          65    0.270559    0.271154 0.000303437
          66     0.26779    0.271103  0.00030312
          67    0.269854    0.271084 0.000299142
          68    0.270922    0.271082  0.00029472
          69    0.265074    0.270995 0.000303188
          70      0.2692    0.270969 0.000299924
          71    0.274197    0.271015 0.000299143
          72    0.273673    0.271052 0.000297261
          73    0.271613    0.271059 0.000293262
          74    0.271879     0.27107 0.000289484
          75    0.272231    0.271086 0.000286017
          76    0.271009    0.271085  0.00028223
          77    0.268309    0.271049 0.000280864
          78    0.270657    0.271044 0.000277285
          79     0.27035    0.271035 0.000273894
          80    0.269219    0.271012 0.000271399
          81    0.267412    0.270968 0.000271688
          82    0.271051    0.270969 0.000268356
          83     0.26996    0.270957 0.000265382
          84    0.267884     0.27092 0.000264743
          85    0.271076    0.270922 0.000261616
          86    0.272247    0.270937 0.000259014
          87    0.271157     0.27094 0.000256032
          88    0.268836    0.270916 0.000254233
          89    0.275118    0.270963 0.000255757
          90    0.269366    0.270946 0.000253521
          91    0.270071    0.270936 0.000250904
          92    0.268101    0.270905 0.000250068
          93    0.266326    0.270856 0.000252218
          94    0.270763    0.270855 0.000249522
          95    0.267647    0.270821 0.000249181
          96    0.266826    0.270779 0.000250059
          97    0.271811     0.27079 0.000247696
          98    0.271412    0.270796 0.000245237
          99    0.272058    0.270809 0.000243082
         100    0.274243    0.270844 0.000243076
