           1   0.0943653   0.0943653           0
           2   0.0851427    0.089754  0.00461133
           3    0.100747   0.0934182  0.00452931
           4   0.0785107   0.0896913  0.00491396
           5    0.093016   0.0903563  0.00386398
           6   0.0645693   0.0860584   0.0053315
           7      0.0892   0.0865072  0.00452823
           8   0.0924467   0.0872497  0.00399122
           9    0.104432   0.0891588  0.00400434
          10   0.0698707     0.08723  0.00406794
          11   0.0995973   0.0883543  0.00384752
          12     0.08332   0.0879348  0.00353726
          13    0.089212    0.088033  0.00325529
          14    0.093724   0.0884395   0.0030411
          15   0.0815533   0.0879804  0.00286809
          16   0.0968547   0.0885351  0.00273958
          17   0.0813027   0.0881096  0.00260832
          18   0.0777427   0.0875337  0.00252569
          19    0.100813   0.0882326   0.0024892
          20      0.0967    0.088656  0.00239912
          21    0.101493   0.0892673  0.00236247
          22    0.078188   0.0887637  0.00230814
          23    0.090004   0.0888176  0.00220616
          24   0.0906627   0.0888945  0.00211364
          25    0.088652   0.0888848  0.00202735
          26   0.0990213   0.0892747  0.00198645
          27   0.0959293   0.0895211  0.00192729
          28   0.0906867   0.0895628  0.00185765
          29     0.08878   0.0895358  0.00179265
          30   0.0800787   0.0892205  0.00176032
          31   0.0987107   0.0895267  0.00172989
          32   0.0887293   0.0895018  0.00167515
          33   0.0930733     0.08961   0.0016272
          34   0.0859013   0.0895009  0.00158238
          35   0.0823533   0.0892967  0.00155001
          36   0.0994787   0.0895795  0.00153266
          37     0.08988   0.0895876  0.00149069
          38     0.07654   0.0892443    0.001491
          39   0.0835373   0.0890979  0.00145962
          40   0.0838453   0.0889666  0.00142871
          41    0.076076   0.0886522  0.00142846
          42    0.091868   0.0887288  0.00139613
          43   0.0742893    0.088393  0.00140403
          44      0.0832    0.088275  0.00137681
          45   0.0817707   0.0881304  0.00135361
          46   0.0919933   0.0882144  0.00132652
          47    0.079888   0.0880372  0.00131002
          48   0.0893987   0.0880656  0.00128275
          49   0.0764213    0.087828  0.00127858
          50    0.089592   0.0878633  0.00125324
          51   0.0788773   0.0876871    0.001241
          52   0.0820787   0.0875792  0.00122167
          53    0.091608   0.0876552   0.0012008
          54     0.08876   0.0876757  0.00117853
          55   0.0920853   0.0877559  0.00115968
          56    0.099164   0.0879596  0.00115686
          57   0.0915147   0.0880219   0.0011381
          58   0.0868947   0.0880025  0.00111847
          59   0.0834627   0.0879256  0.00110204
          60     0.07416   0.0876961  0.00110754
          61    0.105485   0.0879878   0.0011276
          62     0.07722   0.0878141  0.00112277
          63    0.080776   0.0877024  0.00111044
          64   0.0923267   0.0877746  0.00109534
          65   0.0922653   0.0878437  0.00108057
          66    0.081776   0.0877518  0.00106803
          67   0.0837253   0.0876917  0.00105369
          68   0.0873027    0.087686  0.00103809
          69    0.092428   0.0877547  0.00102524
          70   0.0886307   0.0877672  0.00101057
          71    0.098576   0.0879194   0.0010078
          72   0.0909693   0.0879618 0.000994603
          73    0.100828    0.088138 0.000996593
          74   0.0856613   0.0881046 0.000983603
          75   0.0791267   0.0879849 0.000977755
          76   0.0801013   0.0878811 0.000970364
          77   0.0863613   0.0878614 0.000957882
          78   0.0945747   0.0879475 0.000949431
          79   0.0975973   0.0880696 0.000945262
          80   0.0903973   0.0880987 0.000933824
          81   0.0922667   0.0881502 0.000923658
          82    0.078712   0.0880351 0.000919556
          83   0.0709813   0.0878296 0.000931356
          84   0.0924333   0.0878844 0.000921833
          85    0.093476   0.0879502 0.000913295
          86      0.0841   0.0879054 0.000903723
          87   0.0886453   0.0879139 0.000893315
          88    0.074764   0.0877645 0.000895659
          89   0.0832773   0.0877141 0.000886972
          90   0.0968627   0.0878157 0.000882933
          91    0.094412   0.0878882  0.00087618
          92   0.0817813   0.0878218 0.000869142
          93   0.0857667   0.0877997  0.00086003
          94    0.073804   0.0876509 0.000863761
          95    0.084932   0.0876222 0.000855099
          96      0.0936   0.0876845 0.000848433
          97   0.0882933   0.0876908 0.000839664
          98   0.0837573   0.0876506 0.000832021
          99   0.0878053   0.0876522 0.000823575
         100   0.0968747   0.0877444 0.000820497
