           1    0.418924    0.418924           0
           2    0.425269    0.422096  0.00317296
           3    0.415861    0.420018  0.00277062
           4    0.420546     0.42015  0.00196356
           5    0.426126    0.421345  0.00193436
           6    0.409487    0.419369  0.00252986
           7    0.420798    0.419573  0.00214785
           8    0.425434    0.420306  0.00199919
           9    0.417509    0.419995   0.0017903
          10    0.419274    0.419923  0.00160291
          11    0.421289    0.420047   0.0014552
          12    0.416401    0.419743   0.0013627
          13    0.414137    0.419312  0.00132561
          14    0.418957    0.419287  0.00122754
          15    0.420026    0.419336  0.00114384
          16    0.412618    0.418916  0.00114939
          17    0.413297    0.418585  0.00112913
          18    0.424191    0.418897  0.00110917
          19    0.424021    0.419167  0.00108329
          20    0.411662    0.418791  0.00109405
          21    0.424251    0.419051  0.00107263
          22    0.427627    0.419441  0.00109447
          23    0.429329    0.419871  0.00113071
          24    0.424268    0.420054  0.00109797
          25    0.418361    0.419986  0.00105531
          26    0.429687     0.42036  0.00108037
          27    0.419956    0.420345  0.00103969
          28    0.409788    0.419968  0.00107047
          29     0.41649    0.419848  0.00103983
          30     0.42595    0.420051  0.00102496
          31    0.422572    0.420132 0.000994674
          32    0.429207    0.420416  0.00100397
          33    0.420155    0.420408 0.000973104
          34    0.427801    0.420626 0.000968766
          35    0.422907    0.420691 0.000942936
          36    0.419095    0.420646 0.000917441
          37    0.425324    0.420773 0.000901212
          38    0.431584    0.421057 0.000922157
          39    0.423154    0.421111 0.000899808
          40    0.426303    0.421241 0.000886577
          41    0.426941     0.42138  0.00087579
          42    0.423085     0.42142 0.000855647
          43    0.419161    0.421368 0.000837162
          44    0.416949    0.421268 0.000824057
          45    0.416319    0.421158 0.000813008
          46    0.427647    0.421299 0.000807557
          47    0.427308    0.421427 0.000800466
          48    0.422267    0.421444 0.000783808
          49    0.419903    0.421413 0.000768289
          50    0.424032    0.421465 0.000754587
          51     0.42846    0.421602 0.000752254
          52    0.420298    0.421577 0.000738072
          53    0.419522    0.421538 0.000725049
          54    0.421152    0.421531 0.000711531
          55    0.421362    0.421528 0.000698481
          56    0.421695    0.421531 0.000685902
          57    0.420756    0.421517 0.000673898
          58    0.428572    0.421639 0.000673255
          59    0.420885    0.421626 0.000661869
          60    0.422587    0.421642 0.000650941
          61    0.419294    0.421604 0.000641337
          62    0.427552      0.4217  0.00063816
          63    0.414856    0.421591 0.000637276
          64    0.410407    0.421416 0.000651129
          65    0.421916    0.421424  0.00064108
          66     0.41765    0.421367 0.000633876
          67    0.409402    0.421188  0.00064938
          68    0.418161    0.421144 0.000641306
          69    0.426517    0.421222 0.000636723
          70    0.421336    0.421223 0.000627563
          71    0.414808    0.421133 0.000625225
          72     0.43182    0.421281 0.000634098
          73    0.409193    0.421116 0.000646904
          74    0.419604    0.421095 0.000638429
          75     0.42356    0.421128 0.000630716
          76    0.420941    0.421126 0.000622367
          77    0.420594    0.421119  0.00061427
          78    0.426453    0.421187 0.000610187
          79    0.426106    0.421249 0.000605623
          80    0.418438    0.421214 0.000599036
          81     0.42607    0.421274 0.000594624
          82    0.425161    0.421322 0.000589238
          83    0.428286    0.421406 0.000588112
          84      0.4144    0.421322 0.000587022
          85      0.4319    0.421447 0.000593274
          86    0.431943    0.421569 0.000598902
          87    0.426347    0.421624 0.000594521
          88    0.419654    0.421601 0.000588152
          89    0.422455    0.421611 0.000581586
          90    0.422535    0.421621 0.000575179
          91    0.422848    0.421635 0.000568983
          92    0.421964    0.421638 0.000562776
          93    0.421337    0.421635 0.000556701
          94    0.412103    0.421533 0.000560004
          95    0.427646    0.421598 0.000557802
          96    0.419774    0.421579 0.000552288
          97    0.426767    0.421632 0.000549176
          98    0.416007    0.421575 0.000546565
          99    0.414809    0.421507 0.000545316
         100    0.419483    0.421486 0.000540215
