           1    0.322395    0.322395           0
           2    0.317339    0.319867  0.00252752
           3    0.314397    0.318044  0.00233539
           4    0.321988     0.31903  0.00192334
           5    0.313323    0.317888  0.00187677
           6    0.318431    0.317979  0.00153505
           7    0.317096    0.317853  0.00130346
           8    0.311984    0.317119  0.00134623
           9    0.313538    0.316721  0.00125217
          10     0.31638    0.316687   0.0011205
          11    0.321318    0.317108  0.00109747
          12    0.318343    0.317211  0.00100712
          13    0.315514    0.317081 0.000935569
          14    0.318836    0.317206 0.000875201
          15    0.320719     0.31744 0.000847761
          16    0.314681    0.317268 0.000811546
          17    0.324206    0.317676 0.000864688
          18    0.318996    0.317749  0.00081853
          19    0.322238    0.317985 0.000809495
          20     0.31892    0.318032 0.000769376
          21     0.31702    0.317984 0.000733408
          22    0.314037    0.317805 0.000721923
          23    0.318904    0.317852 0.000691477
          24    0.314398    0.317708 0.000677508
          25    0.320558    0.317822  0.00065976
          26    0.316411    0.317768 0.000636198
          27    0.317775    0.317768 0.000612182
          28    0.318238    0.317785 0.000590152
          29    0.321533    0.317914 0.000583916
          30    0.312823    0.317745  0.00058909
          31     0.31711    0.317724 0.000570138
          32    0.326127    0.317987 0.000611306
          33    0.322287    0.318117 0.000606651
          34     0.31939    0.318154 0.000589727
          35    0.317397    0.318133 0.000573039
          36     0.31969    0.318176 0.000558571
          37    0.316092     0.31812 0.000546178
          38    0.319966    0.318168 0.000533826
          39    0.320814    0.318236 0.000524364
          40    0.316941    0.318204 0.000512111
          41    0.315422    0.318136 0.000504053
          42    0.312018     0.31799 0.000513022
          43    0.316382    0.317953 0.000502344
          44    0.315076    0.317887 0.000495131
          45     0.31685    0.317864 0.000484552
          46    0.317894    0.317865 0.000473901
          47    0.320082    0.317912 0.000466101
          48    0.316837     0.31789 0.000456837
          49    0.316692    0.317865 0.000448084
          50    0.320497    0.317918 0.000442174
          51    0.319269    0.317945 0.000434227
          52    0.321242    0.318008 0.000430492
          53    0.317478    0.317998  0.00042241
          54    0.320524    0.318045 0.000417145
          55     0.31815    0.318047 0.000409495
          56    0.316295    0.318015  0.00040333
          57    0.321073    0.318069 0.000399806
          58    0.317544     0.31806 0.000392956
          59     0.32315    0.318146 0.000395755
          60    0.319307    0.318166 0.000389584
          61     0.32488    0.318276 0.000398643
          62    0.317188    0.318258 0.000392553
          63    0.319435    0.318277 0.000386723
          64    0.315771    0.318238 0.000382641
          65    0.320065    0.318266 0.000377756
          66    0.318099    0.318263 0.000371997
          67    0.322478    0.318326 0.000371763
          68    0.319167    0.318338 0.000366464
          69    0.315203    0.318293 0.000363962
          70    0.320976    0.318331 0.000360768
          71    0.320816    0.318366 0.000357368
          72    0.308835    0.318234 0.000376416
          73    0.315463    0.318196 0.000373159
          74    0.320689     0.31823  0.00036962
          75    0.315242     0.31819 0.000366827
          76    0.317597    0.318182 0.000362053
          77    0.312522    0.318109 0.000364802
          78    0.318395    0.318112 0.000360114
          79    0.318451    0.318117 0.000355552
          80    0.316582    0.318097 0.000351603
          81    0.318113    0.318098 0.000347235
          82    0.324338    0.318174 0.000351315
          83    0.316593    0.318155 0.000347579
          84    0.317544    0.318147 0.000343493
          85    0.317941    0.318145 0.000339437
          86    0.320557    0.318173 0.000336637
          87     0.31576    0.318145 0.000333899
          88    0.318248    0.318146 0.000330085
          89    0.318761    0.318153 0.000326428
          90    0.323422    0.318212 0.000328047
          91    0.317156      0.3182 0.000324629
          92    0.320682    0.318227 0.000322213
          93    0.316156    0.318205 0.000319507
          94    0.317133    0.318194 0.000316295
          95     0.32261     0.31824 0.000316381
          96    0.320365    0.318262  0.00031385
          97    0.315729    0.318236 0.000311693
          98    0.315858    0.318212 0.000309449
          99    0.321652    0.318247 0.000308271
         100    0.315447    0.318219 0.000306455
