           1     2.19826     2.19826           0
           2     2.12543     2.16185     0.03641
           3     2.23263     2.18544   0.0316005
           4     2.17566       2.183   0.0224782
           5     2.22191     2.19078   0.0190721
           6      2.2322     2.19768   0.0170341
           7     2.18222     2.19547    0.014565
           8     2.21794     2.19828   0.0129225
           9     2.19455     2.19787   0.0114041
          10     2.18437     2.19652   0.0102891
          11     2.20293      2.1971  0.00932513
          12     2.16929     2.19478  0.00882256
          13     2.16846     2.19276  0.00836436
          14     2.29619     2.20015   0.0107031
          15     2.18456     2.19911   0.0100181
          16     2.25591     2.20266    0.010021
          17     2.17063     2.20077  0.00959978
          18     2.17666     2.19943   0.0091494
          19     2.16607     2.19768  0.00883086
          20     2.15039     2.19531  0.00870489
          21     2.16081     2.19367  0.00844139
          22     2.14578     2.19149  0.00833777
          23     2.17325      2.1907  0.00800641
          24     2.17034     2.18985  0.00771234
          25     2.22155     2.19112  0.00750527
          26     2.15594     2.18977  0.00733665
          27     2.15359     2.18843  0.00718571
          28     2.21989     2.18955  0.00701494
          29     2.22528     2.19078  0.00687996
          30     2.17577     2.19028  0.00666549
          31     2.14816     2.18892   0.0065885
          32     2.17412     2.18846  0.00639605
          33     2.16598     2.18778  0.00623652
          34      2.1905     2.18786  0.00605084
          35     2.20287     2.18829  0.00589106
          36     2.17711     2.18798  0.00573349
          37     2.22063     2.18886  0.00564578
          38     2.20647     2.18932   0.0055147
          39     2.19412     2.18945  0.00537284
          40     2.19117     2.18949  0.00523698
          41     2.16284     2.18884  0.00514883
          42     2.20429     2.18921  0.00503819
          43     2.17043     2.18877  0.00493898
          44     2.14543     2.18779  0.00492495
          45     2.15685      2.1871  0.00486309
          46     2.21971     2.18781  0.00480873
          47     2.13987     2.18679  0.00481457
          48      2.1457     2.18593  0.00479029
          49     2.19031     2.18602  0.00469237
          50     2.23758     2.18705  0.00471177
          51      2.1822     2.18696  0.00461944
          52       2.186     2.18694  0.00452978
          53     2.12941     2.18585  0.00457413
          54     2.17227      2.1856  0.00449567
          55     2.18209     2.18554  0.00441364
          56      2.1623     2.18512  0.00435392
          57     2.13858     2.18431  0.00435411
          58     2.17723     2.18418  0.00428012
          59     2.16984     2.18394  0.00421397
          60     2.18255     2.18392  0.00414321
          61     2.14548     2.18329  0.00412315
          62     2.16038     2.18292   0.0040729
          63     2.19627     2.18313  0.00401333
          64     2.21997     2.18371  0.00399185
          65     2.17144     2.18352  0.00393449
          66     2.17218     2.18335  0.00387823
          67     2.21463     2.18381  0.00384835
          68     2.19654       2.184  0.00379595
          69     2.13471     2.18329  0.00380812
          70     2.21577     2.18375   0.0037819
          71     2.22742     2.18436  0.00377864
          72     2.21097     2.18473  0.00374407
          73     2.18109     2.18468  0.00369277
          74     2.14647     2.18417  0.00367895
          75     2.16886     2.18396  0.00363529
          76     2.15876     2.18363  0.00360244
          77     2.17782     2.18356  0.00355615
          78     2.19832     2.18375  0.00351536
          79     2.24544     2.18453  0.00355736
          80     2.13514     2.18391  0.00356644
          81     2.20619     2.18418  0.00353286
          82     2.13859     2.18363  0.00353353
          83     2.16309     2.18338  0.00349947
          84     2.19665     2.18354  0.00346116
          85     2.20921     2.18384  0.00343351
          86     2.15861     2.18355  0.00340601
          87     2.16549     2.18334  0.00337302
          88     2.18917     2.18341  0.00333513
          89     2.18098     2.18338  0.00329756
          90     2.14266     2.18293  0.00329195
          91     2.16826     2.18277  0.00325956
          92     2.15045     2.18241  0.00324302
          93     2.18869     2.18248  0.00320866
          94      2.1194     2.18181  0.00324451
          95     2.15622     2.18154  0.00322145
          96     2.21088     2.18185  0.00320233
          97     2.19577     2.18199  0.00317239
          98       2.171     2.18188  0.00314186
          99     2.16004     2.18166  0.00311777
         100     2.20235     2.18186  0.00309337
