           1     1.66196     1.66196           0
           2     1.68636     1.67416      0.0122
           3     1.68881     1.67904  0.00857097
           4     1.65961     1.67418  0.00776608
           5     1.67847     1.67504  0.00607628
           6      1.6612     1.67273  0.00547146
           7     1.73856     1.68214   0.0104797
           8     1.66971     1.68058  0.00920765
           9     1.70974     1.68382   0.0087427
          10     1.67375     1.68282  0.00788433
          11     1.63643      1.6786  0.00828524
          12     1.64192     1.67554  0.00815759
          13     1.69315      1.6769  0.00762512
          14     1.67761     1.67695  0.00705968
          15     1.70758     1.67899  0.00688209
          16     1.66224     1.67794   0.0065222
          17      1.6743     1.67773  0.00613029
          18     1.68236     1.67799  0.00578542
          19     1.74257     1.68138  0.00644219
          20     1.74785     1.68471  0.00695674
          21     1.67115     1.68406  0.00664859
          22     1.69469     1.68455  0.00635756
          23     1.68505     1.68457  0.00607489
          24     1.67068     1.68399    0.005845
          25     1.70734     1.68492   0.0056836
          26     1.67116     1.68439  0.00548623
          27     1.71121     1.68539  0.00537177
          28     1.67713     1.68509  0.00518475
          29     1.69092     1.68529  0.00500681
          30     1.68112     1.68515  0.00483903
          31     1.68717     1.68522  0.00468078
          32     1.67193      1.6848  0.00455113
          33      1.6563     1.68394  0.00449481
          34     1.69485     1.68426  0.00437239
          35     1.70127     1.68475  0.00427334
          36     1.71837     1.68568  0.00425667
          37     1.71644     1.68651  0.00422267
          38     1.65276     1.68562  0.00420495
          39      1.6665     1.68513  0.00412494
          40     1.64834     1.68421  0.00412437
          41     1.72933     1.68531  0.00417031
          42     1.65556     1.68461  0.00413103
          43     1.66886     1.68424   0.0040504
          44     1.65735     1.68363  0.00400418
          45     1.73065     1.68467  0.00405124
          46     1.65059     1.68393  0.00403088
          47     1.62874     1.68276  0.00411528
          48     1.67143     1.68252  0.00403555
          49     1.66413     1.68215  0.00397011
          50     1.62797     1.68106  0.00403797
          51     1.70755     1.68158  0.00399192
          52     1.71737     1.68227  0.00397443
          53       1.694     1.68249    0.003905
          54     1.68046     1.68245  0.00383219
          55     1.73531     1.68342   0.0038827
          56     1.70329     1.68377  0.00382922
          57     1.69008     1.68388  0.00376307
          58     1.71375      1.6844   0.0037333
          59     1.68117     1.68434  0.00366989
          60     1.72054     1.68494   0.0036583
          61     1.65434     1.68444  0.00363264
          62     1.71724     1.68497   0.0036125
          63     1.68319     1.68494  0.00355481
          64     1.72514     1.68557  0.00355475
          65     1.70536     1.68588  0.00351285
          66     1.72667     1.68649    0.003514
          67     1.69298     1.68659  0.00346251
          68     1.70332     1.68684  0.00342008
          69     1.69848     1.68701  0.00337437
          70      1.6864       1.687  0.00332582
          71     1.69804     1.68715  0.00328233
          72     1.66618     1.68686   0.0032495
          73     1.70133     1.68706  0.00321081
          74     1.67482     1.68689  0.00317143
          75     1.66553     1.68661   0.0031418
          76     1.71168     1.68694  0.00311769
          77      1.7561     1.68784  0.00320535
          78     1.70448     1.68805  0.00317117
          79     1.65408     1.68762  0.00316017
          80     1.67666     1.68748  0.00312342
          81     1.69745     1.68761  0.00308707
          82     1.66933     1.68738  0.00305733
          83         1.7     1.68754  0.00302409
          84     1.68528     1.68751  0.00298799
          85     1.67527     1.68737  0.00295613
          86     1.66372     1.68709  0.00293447
          87     1.65595     1.68673  0.00292255
          88     1.72551     1.68717  0.00292255
          89     1.70177     1.68734  0.00289418
          90     1.71895     1.68769  0.00288331
          91     1.69206     1.68774  0.00285186
          92     1.67173     1.68756  0.00282605
          93     1.64427      1.6871  0.00283398
          94      1.6873      1.6871  0.00280367
          95      1.6694     1.68691  0.00278025
          96     1.69102     1.68696  0.00275147
          97     1.69314     1.68702   0.0027237
          98      1.7194     1.68735  0.00271593
          99     1.72219      1.6877   0.0027113
         100     1.68655     1.68769  0.00268408
