           1    0.428905    0.428905           0
           2    0.475713    0.452309    0.023404
           3    0.356971     0.42053   0.0345329
           4    0.494428    0.439004   0.0306198
           5    0.431684     0.43754   0.0237631
           6    0.426701    0.435734   0.0194864
           7    0.468029    0.440347   0.0171031
           8    0.417252     0.43746   0.0150904
           9     0.33382    0.425945    0.017599
          10    0.469937    0.430344   0.0163442
          11     0.47588    0.434484   0.0153525
          12    0.398732    0.431504   0.0143281
          13    0.427515    0.431198   0.0131835
          14    0.486927    0.435178   0.0128382
          15    0.420371    0.434191   0.0119924
          16    0.429272    0.433884   0.0112221
          17     0.41484    0.432763   0.0106007
          18    0.457849    0.434157   0.0100911
          19    0.485799    0.436875  0.00992469
          20    0.468668    0.438465  0.00954863
          21    0.380665    0.435712  0.00949044
          22    0.439611     0.43589  0.00905051
          23    0.447308    0.436386   0.0086623
          24    0.392135    0.434542  0.00849601
          25    0.400667    0.433187  0.00826097
          26    0.494593    0.435549  0.00828083
          27    0.498521    0.437881  0.00830255
          28    0.505275    0.440288  0.00835475
          29    0.483049    0.441763  0.00819525
          30    0.400824    0.440398  0.00803411
          31    0.432353    0.440139  0.00777495
          32    0.521957    0.442695  0.00795042
          33    0.467711    0.443453  0.00774293
          34    0.497833    0.445053  0.00768013
          35      0.4227    0.444414  0.00748477
          36    0.426244    0.443909  0.00729138
          37      0.4215    0.443304  0.00711739
          38    0.427753    0.442895  0.00693964
          39    0.493448    0.444191  0.00688252
          40    0.429201    0.443816  0.00671871
          41    0.404957    0.442868  0.00662098
          42    0.404641    0.441958   0.0065252
          43    0.430541    0.441693  0.00637718
          44    0.402833    0.440809  0.00629284
          45    0.387892    0.439634   0.0062628
          46    0.449032    0.439838  0.00612855
          47    0.404532    0.439087   0.0060436
          48    0.434749    0.438996  0.00591704
          49    0.487933    0.439995  0.00588046
          50    0.400689    0.439209  0.00581503
          51    0.428604    0.439001  0.00570366
          52    0.389401    0.438047  0.00567365
          53    0.416895    0.437648  0.00557986
          54    0.466911     0.43819  0.00550231
          55    0.434479    0.438122  0.00540176
          56    0.458581    0.438488  0.00531699
          57    0.451671    0.438719    0.005228
          58     0.45194    0.438947  0.00514212
          59    0.434156    0.438866  0.00505487
          60    0.420617    0.438562   0.0049792
          61    0.470384    0.439083  0.00492461
          62    0.398588     0.43843  0.00488836
          63    0.401088    0.437837  0.00484652
          64    0.431995    0.437746  0.00477107
          65    0.440108    0.437782  0.00469723
          66    0.387936    0.437027  0.00468677
          67      0.4897    0.437813  0.00468275
          68    0.517216    0.438981  0.00475885
          69    0.417432    0.438669  0.00469977
          70     0.46964    0.439111  0.00465322
          71    0.457816    0.439375  0.00459477
          72    0.497756    0.440186   0.0046025
          73    0.400928    0.439648  0.00457076
          74    0.394099    0.439032  0.00455039
          75    0.490365    0.439717  0.00454119
          76    0.403608    0.439242  0.00450615
          77    0.389817      0.4386  0.00449333
          78    0.435876    0.438565  0.00443548
          79    0.476804    0.439049  0.00440565
          80    0.432816    0.438971  0.00435093
          81    0.433431    0.438902  0.00429742
          82    0.426613    0.438753  0.00424734
          83    0.474005    0.439177  0.00421729
          84    0.445732    0.439255  0.00416752
          85    0.446745    0.439343  0.00411914
          86    0.478244    0.439796  0.00409601
          87    0.406635    0.439415  0.00406656
          88    0.408729    0.439066  0.00403518
          89    0.385715    0.438467  0.00403436
          90    0.474671    0.438869  0.00400952
          91    0.440225    0.438884  0.00396524
          92    0.404537     0.43851  0.00393963
          93    0.442923    0.438558  0.00389733
          94    0.439285    0.438566  0.00385565
          95    0.474517    0.438944  0.00383357
          96    0.425204    0.438801  0.00379613
          97    0.495155    0.439382  0.00380145
          98    0.416349    0.439147  0.00376979
          99    0.462692    0.439385  0.00373909
         100    0.371433    0.438705  0.00376336
