           1     1.51202     1.51202           0
           2     1.48419      1.4981   0.0139137
           3     1.51176     1.50265  0.00923374
           4     1.48892     1.49922  0.00737751
           5     1.50687     1.50075  0.00591607
           6     1.49457     1.49972  0.00493919
           7     1.51059     1.50127  0.00445359
           8     1.49579     1.50059  0.00391738
           9     1.54415     1.50543  0.00594707
          10     1.49002     1.50389  0.00553801
          11     1.49625     1.50319  0.00505725
          12     1.52483       1.505  0.00495629
          13     1.49588     1.50429  0.00461267
          14     1.49243     1.50345  0.00435384
          15     1.49701     1.50302  0.00407583
          16     1.51144     1.50354  0.00384875
          17      1.4914     1.50283  0.00368519
          18     1.49528     1.50241  0.00349964
          19     1.51819     1.50324  0.00341286
          20     1.49075     1.50262  0.00329745
          21     1.47618     1.50136   0.0033797
          22     1.49336     1.50099  0.00324283
          23     1.47924     1.50005   0.0032397
          24     1.51377     1.50062  0.00315403
          25       1.482     1.49988  0.00311553
          26     1.48292     1.49922  0.00306356
          27      1.5178     1.49991  0.00302717
          28     1.51466     1.50044  0.00296425
          29     1.53989      1.5018  0.00316731
          30     1.49299      1.5015  0.00307396
          31      1.5312     1.50246  0.00312366
          32     1.48572     1.50194  0.00306941
          33     1.53629     1.50298  0.00315182
          34     1.51961     1.50347  0.00309657
          35     1.49999     1.50337  0.00300844
          36      1.5578     1.50488  0.00329145
          37     1.50026     1.50476  0.00320369
          38      1.5157     1.50505  0.00313152
          39     1.51715     1.50536  0.00306591
          40     1.46858     1.50444  0.00312653
          41     1.49476      1.5042  0.00305843
          42     1.51246      1.5044  0.00299119
          43     1.48545     1.50396  0.00295385
          44      1.5253     1.50444  0.00292641
          45     1.53701     1.50516  0.00295076
          46     1.55808     1.50631  0.00310668
          47     1.52325     1.50668  0.00306115
          48     1.53428     1.50725  0.00305136
          49     1.53571     1.50783  0.00304435
          50     1.51716     1.50802  0.00298868
          51     1.48438     1.50755  0.00296594
          52     1.53329     1.50805  0.00295015
          53     1.48276     1.50757  0.00293301
          54     1.50037     1.50744  0.00288127
          55     1.52884     1.50783  0.00285505
          56     1.51485     1.50795  0.00280641
          57      1.5134     1.50805   0.0027584
          58     1.50002     1.50791  0.00271395
          59     1.48968      1.5076   0.0026854
          60     1.47107     1.50699  0.00270956
          61     1.52594      1.5073  0.00268281
          62     1.51311      1.5074  0.00264085
          63     1.50285     1.50732  0.00259959
          64     1.50465     1.50728  0.00255899
          65     1.53126     1.50765  0.00254618
          66     1.51688     1.50779  0.00251119
          67     1.49158     1.50755  0.00248524
          68     1.51366     1.50764  0.00245007
          69     1.52687     1.50792  0.00243033
          70     1.50757     1.50791  0.00239536
          71     1.45944     1.50723  0.00245808
          72     1.51866     1.50739  0.00242889
          73     1.53448     1.50776  0.00242396
          74      1.4989     1.50764  0.00239398
          75     1.51829     1.50778   0.0023661
          76     1.51562     1.50789  0.00233704
          77     1.52307     1.50808   0.0023149
          78     1.50383     1.50803  0.00228568
          79       1.486     1.50775  0.00227373
          80     1.50388      1.5077  0.00224565
          81     1.51669     1.50781  0.00222053
          82     1.48169     1.50749   0.0022163
          83     1.47941     1.50716  0.00221542
          84     1.50911     1.50718  0.00218901
          85     1.52356     1.50737  0.00217168
          86     1.47631     1.50701  0.00217646
          87     1.52814     1.50725  0.00216496
          88     1.50381     1.50721  0.00214058
          89     1.51276     1.50728   0.0021173
          90     1.50515     1.50725  0.00209378
          91     1.52491     1.50745  0.00207972
          92      1.5104     1.50748  0.00205724
          93     1.49915     1.50739  0.00203697
          94     1.50834      1.5074  0.00201521
          95     1.51144     1.50744  0.00199434
          96     1.47737     1.50713  0.00199816
          97     1.49678     1.50702  0.00198033
          98     1.51501      1.5071  0.00196171
          99     1.50544     1.50709  0.00194186
         100     1.52128     1.50723  0.00192758
