           1    0.115529    0.115529           0
           2    0.123147    0.119338  0.00380867
           3    0.112503     0.11706  0.00316648
           4    0.104871    0.114012  0.00378139
           5    0.117944    0.114799  0.00303276
           6    0.100891    0.112481  0.00339189
           7    0.107097    0.111712  0.00296803
           8    0.109695     0.11146  0.00258273
           9    0.107776     0.11105  0.00231423
          10    0.110265    0.110972   0.0020714
          11   0.0960667    0.109617  0.00231227
          12    0.114563    0.110029  0.00215067
          13    0.110736    0.110083  0.00197908
          14    0.113393     0.11032  0.00184746
          15    0.109933    0.110294  0.00172008
          16    0.124365    0.111173  0.00183366
          17    0.107963    0.110985  0.00173275
          18   0.0993947    0.110341  0.00175596
          19    0.114115    0.110539  0.00167281
          20   0.0974067    0.109883  0.00171744
          21    0.116704    0.110207   0.0016656
          22    0.097944     0.10965  0.00168307
          23   0.0995747    0.109212  0.00166683
          24    0.105379    0.109052  0.00160384
          25    0.123525    0.109631  0.00164367
          26    0.102115    0.109342  0.00160544
          27    0.101804    0.109063  0.00156986
          28    0.123701    0.109586  0.00160054
          29   0.0899133    0.108907  0.00168678
          30   0.0893133    0.108254   0.0017556
          31    0.125332    0.108805  0.00178515
          32    0.108065    0.108782  0.00172862
          33    0.113337     0.10892   0.0016811
          34    0.128173    0.109486  0.00172642
          35    0.116739    0.109694  0.00168912
          36    0.111672    0.109748  0.00164245
          37    0.107912    0.109699  0.00159822
          38      0.0967    0.109357  0.00159276
          39    0.119371    0.109614  0.00157248
          40    0.113875     0.10972  0.00153637
          41    0.123976    0.110068  0.00153824
          42    0.119467    0.110292  0.00151776
          43    0.123388    0.110596  0.00151301
          44    0.109433     0.11057  0.00147846
          45    0.107408    0.110499  0.00144694
          46    0.123652    0.110785  0.00144373
          47    0.102048    0.110599  0.00142486
          48    0.103853    0.110459  0.00140192
          49     0.11418    0.110535  0.00137511
          50    0.113032    0.110585  0.00134825
          51    0.102439    0.110425  0.00133117
          52    0.105192    0.110324  0.00130919
          53    0.101196    0.110152  0.00129575
          54    0.108767    0.110127  0.00127179
          55      0.1012    0.109964  0.00125896
          56    0.115796    0.110068  0.00124065
          57    0.118197    0.110211    0.001227
          58   0.0949387    0.109948  0.00123408
          59    0.108031    0.109915  0.00121342
          60    0.125688    0.110178  0.00122165
          61      0.1086    0.110152  0.00120173
          62    0.119833    0.110308  0.00119246
          63    0.107359    0.110262  0.00117431
          64     0.12762    0.110533  0.00118721
          65    0.105888    0.110461  0.00117099
          66    0.093168    0.110199   0.0011825
          67    0.110104    0.110198  0.00116472
          68    0.103563      0.1101  0.00115161
          69    0.100817    0.109966  0.00114274
          70    0.126227    0.110198     0.00115
          71    0.121655    0.110359  0.00114512
          72    0.102045    0.110244  0.00113499
          73    0.101871    0.110129   0.0011252
          74    0.100344    0.109997  0.00111773
          75    0.103753    0.109914  0.00110587
          76    0.103216    0.109826  0.00109477
          77   0.0981267    0.109674  0.00109109
          78    0.120804    0.109816  0.00108643
          79     0.09782    0.109665  0.00108328
          80    0.124509     0.10985  0.00108563
          81    0.108469    0.109833  0.00107228
          82     0.11848    0.109938  0.00106436
          83   0.0811213    0.109591   0.0011073
          84    0.088284    0.109338  0.00112306
          85    0.109501     0.10934  0.00110977
          86    0.114295    0.109397   0.0010983
          87    0.115672    0.109469  0.00108799
          88    0.107709    0.109449  0.00107575
          89    0.114925    0.109511  0.00106537
          90    0.114089    0.109562  0.00105469
          91     0.10126     0.10947  0.00104702
          92    0.131053    0.109705  0.00106182
          93   0.0968653    0.109567  0.00105937
          94    0.121132     0.10969  0.00105524
          95    0.101616    0.109605  0.00104752
          96    0.108492    0.109593  0.00103662
          97    0.103171    0.109527  0.00102801
          98    0.107047    0.109502  0.00101778
          99    0.108461    0.109491  0.00100751
         100     0.10498    0.109446 0.000998399
