           1   -0.681027   -0.681027           0
           2   -0.681925   -0.681476 0.000449333
           3   -0.682432   -0.681795 0.000410912
           4   -0.681699   -0.681771 0.000291548
           5   -0.680248   -0.681466 0.000379132
           6   -0.682445   -0.681629 0.000349945
           7   -0.682744   -0.681789 0.000335901
           8   -0.680712   -0.681654 0.000320517
           9    -0.68012   -0.681484 0.000330081
          10   -0.682824   -0.681618 0.000324239
          11   -0.683968   -0.681831 0.000362866
          12   -0.681707   -0.681821 0.000331413
          13    -0.68248   -0.681872 0.000309043
          14   -0.683307   -0.681974 0.000303926
          15   -0.680064   -0.681847 0.000310274
          16   -0.682339   -0.681878 0.000291859
          17   -0.681032   -0.681828 0.000278629
          18   -0.683152   -0.681901 0.000272801
          19   -0.683837   -0.682003 0.000277433
          20   -0.682632   -0.682035 0.000265067
          21   -0.681923   -0.682029 0.000252185
          22   -0.682045    -0.68203 0.000240451
          23   -0.683248   -0.682083 0.000235782
          24   -0.681805   -0.682071  0.00022604
          25   -0.680216   -0.681997 0.000229161
          26   -0.681259   -0.681969 0.000221996
          27   -0.682672   -0.681995 0.000215197
          28   -0.683829    -0.68206 0.000217473
          29   -0.679741    -0.68198 0.000224561
          30   -0.682163   -0.681986 0.000217031
          31   -0.681451   -0.681969 0.000210624
          32   -0.682525   -0.681987 0.000204675
          33   -0.681907   -0.681984 0.000198391
          34   -0.681523   -0.681971 0.000192945
          35   -0.681163   -0.681948 0.000188768
          36   -0.680755   -0.681914 0.000186418
          37   -0.682971   -0.681943 0.000183544
          38   -0.682325   -0.681953 0.000178931
          39   -0.682243    -0.68196 0.000174441
          40   -0.679544     -0.6819 0.000180437
          41   -0.681955   -0.681901 0.000175986
          42   -0.683571   -0.681941 0.000176284
          43   -0.681843   -0.681939 0.000172151
          44   -0.681147   -0.681921 0.000169154
          45   -0.681461   -0.681911 0.000165667
          46   -0.683776   -0.681951 0.000167023
          47   -0.682731   -0.681968 0.000164271
          48   -0.684643   -0.682023 0.000170194
          49   -0.681477   -0.682012 0.000167057
          50   -0.682285   -0.682018 0.000163773
          51   -0.682235   -0.682022 0.000160586
          52   -0.682045   -0.682022 0.000157468
          53   -0.681701   -0.682016 0.000154587
          54   -0.680843   -0.681995 0.000153247
          55   -0.683101   -0.682015 0.000151774
          56   -0.680096   -0.681981 0.000152927
          57   -0.681403    -0.68197 0.000150562
          58   -0.681005   -0.681954 0.000148876
          59   -0.681499   -0.681946 0.000146534
          60   -0.683413    -0.68197 0.000146132
          61   -0.682112   -0.681973 0.000143735
          62   -0.681488   -0.681965 0.000141614
          63   -0.683027   -0.681982 0.000140363
          64   -0.682707   -0.681993 0.000138616
          65   -0.683565   -0.682017 0.000138594
          66   -0.680445   -0.681994  0.00013854
          67   -0.680195   -0.681967 0.000139073
          68   -0.680981   -0.681952 0.000137777
          69   -0.682016   -0.681953 0.000135769
          70   -0.684285   -0.681986   0.0001379
          71   -0.683941   -0.682014 0.000138704
          72   -0.683312   -0.682032 0.000137948
          73   -0.682779   -0.682042 0.000136429
          74   -0.681899    -0.68204 0.000134586
          75   -0.681528   -0.682033 0.000132955
          76   -0.681387   -0.682025  0.00013147
          77   -0.683579   -0.682045 0.000131311
          78     -0.6838   -0.682068 0.000131555
          79    -0.68188   -0.682065 0.000129901
          80   -0.681184   -0.682054 0.000128739
          81    -0.68288   -0.682064 0.000127547
          82   -0.683715   -0.682085  0.00012758
          83   -0.683085   -0.682097 0.000126609
          84   -0.680208   -0.682074 0.000127097
          85   -0.682411   -0.682078 0.000125655
          86   -0.680867   -0.682064 0.000124982
          87   -0.681224   -0.682054 0.000123913
          88   -0.682261   -0.682057  0.00012252
          89   -0.683157   -0.682069 0.000121765
          90   -0.687083   -0.682125 0.000132667
          91   -0.681789   -0.682121 0.000131253
          92   -0.682149   -0.682121 0.000129818
          93   -0.683125   -0.682132 0.000128868
          94   -0.682203   -0.682133 0.000127492
          95    -0.68196   -0.682131 0.000126156
          96    -0.68196   -0.682129 0.000124847
          97   -0.683749   -0.682146 0.000124677
          98   -0.681837   -0.682143 0.000123439
          99   -0.681323   -0.682135 0.000122466
         100   -0.682048   -0.682134 0.000121238
