           1   -0.974549   -0.974549           0
           2   -0.967883   -0.971216  0.00333333
           3   -0.976099   -0.972844  0.00252044
           4   -0.973571   -0.973025  0.00179147
           5   -0.971061   -0.972633  0.00144219
           6   -0.976323   -0.973248  0.00132848
           7   -0.978816   -0.974043  0.00137602
           8   -0.974229   -0.974066  0.00119189
           9   -0.971763    -0.97381  0.00108187
          10   -0.976509    -0.97408  0.00100459
          11   -0.979677   -0.974589  0.00104144
          12   -0.971824   -0.974359 0.000978229
          13   -0.973368   -0.974282 0.000903061
          14   -0.974893   -0.974326  0.00083721
          15   -0.972547   -0.974207 0.000788376
          16   -0.975144   -0.974266 0.000739778
          17   -0.970976   -0.974072 0.000721346
          18     -0.9748   -0.974113 0.000681291
          19   -0.970859   -0.973942 0.000666809
          20     -0.9738   -0.973935  0.00063263
          21   -0.970432   -0.973768 0.000624438
          22   -0.974541   -0.973803 0.000596416
          23   -0.979531   -0.974052 0.000621931
          24   -0.972075    -0.97397 0.000601126
          25   -0.977264   -0.974101 0.000591447
          26   -0.971459      -0.974 0.000577262
          27   -0.974981   -0.974036 0.000556659
          28   -0.972317   -0.973975 0.000539911
          29     -0.9798   -0.974176 0.000558346
          30   -0.972635   -0.974124 0.000541853
          31   -0.974664   -0.974142 0.000524372
          32     -0.9782   -0.974268 0.000523322
          33   -0.971704   -0.974191 0.000513134
          34   -0.977701   -0.974294 0.000508408
          35   -0.974584   -0.974302 0.000493738
          36   -0.977011   -0.974377  0.00048569
          37   -0.972099   -0.974316 0.000476379
          38   -0.975704   -0.974352  0.00046511
          39     -0.9722   -0.974297 0.000456376
          40   -0.973096   -0.974267 0.000445833
          41   -0.977563   -0.974348  0.00044219
          42   -0.974232   -0.974345 0.000431542
          43   -0.978232   -0.974435 0.000430974
          44   -0.981093   -0.974587  0.00044743
          45   -0.974581   -0.974586 0.000437374
          46   -0.976504   -0.974628 0.000429787
          47   -0.976853   -0.974675   0.0004232
          48   -0.977563   -0.974736 0.000418633
          49   -0.973189   -0.974704 0.000411213
          50   -0.971843   -0.974647 0.000406949
          51   -0.973099   -0.974616 0.000400043
          52   -0.976763   -0.974658  0.00039444
          53   -0.970115   -0.974572 0.000396307
          54   -0.972792   -0.974539 0.000390293
          55   -0.978653   -0.974614 0.000390366
          56   -0.975829   -0.974636 0.000383946
          57   -0.973936   -0.974623 0.000377349
          58   -0.975483   -0.974638 0.000371082
          59   -0.973661   -0.974622 0.000365114
          60   -0.975584   -0.974638 0.000359335
          61   -0.973395   -0.974617 0.000353982
          62    -0.97324   -0.974595 0.000348934
          63   -0.973213   -0.974573  0.00034405
          64   -0.972416   -0.974539 0.000340305
          65     -0.9746    -0.97454  0.00033503
          66   -0.976128   -0.974564 0.000330791
          67   -0.975189   -0.974574  0.00032595
          68   -0.974712   -0.974576 0.000321127
          69   -0.979651   -0.974649 0.000324874
          70   -0.972547   -0.974619 0.000321605
          71   -0.973952    -0.97461 0.000317182
          72   -0.968861    -0.97453 0.000322776
          73   -0.977677   -0.974573  0.00032123
          74   -0.970659    -0.97452 0.000321245
          75   -0.973123   -0.974502  0.00031748
          76   -0.972475   -0.974475 0.000314408
          77   -0.976493   -0.974501 0.000311403
          78   -0.974501   -0.974501 0.000307385
          79   -0.972013    -0.97447 0.000305098
          80   -0.975259   -0.974479 0.000301422
          81   -0.976437   -0.974504 0.000298657
          82   -0.970704   -0.974457  0.00029861
          83   -0.976651   -0.974484 0.000296171
          84   -0.969275   -0.974422 0.000299123
          85    -0.96848   -0.974352 0.000303736
          86   -0.980987   -0.974429 0.000309939
          87   -0.969141   -0.974368 0.000312326
          88    -0.97608   -0.974388 0.000309369
          89   -0.970483   -0.974344 0.000309004
          90   -0.974171   -0.974342 0.000305557
          91   -0.975379   -0.974353 0.000302396
          92   -0.976968   -0.974382 0.000300438
          93   -0.974664   -0.974385 0.000297206
          94   -0.972008   -0.974359 0.000295112
          95   -0.973043   -0.974346 0.000292318
          96   -0.975323   -0.974356 0.000289436
          97   -0.973837    -0.97435 0.000286486
          98   -0.968056   -0.974286 0.000290731
          99   -0.974011   -0.974283 0.000287793
         100   -0.977717   -0.974318 0.000286963
