           1   -0.613307   -0.613307           0
           2   -0.612648   -0.612977 0.000329333
           3   -0.613549   -0.613168 0.000269272
           4     -0.6116   -0.612776 0.000435795
           5   -0.613568   -0.612934 0.000372882
           6   -0.613571    -0.61304 0.000322397
           7   -0.611224   -0.612781 0.000376269
           8   -0.613536   -0.612875 0.000339252
           9   -0.612568   -0.612841 0.000301134
          10   -0.613032    -0.61286 0.000270018
          11   -0.614243   -0.612986 0.000274676
          12   -0.611579   -0.612869 0.000276813
          13   -0.613587   -0.612924 0.000260552
          14   -0.613653   -0.612976 0.000246787
          15   -0.612824   -0.612966 0.000229969
          16   -0.614411   -0.613056 0.000233301
          17   -0.611613   -0.612971 0.000235009
          18    -0.61244   -0.612942 0.000223526
          19   -0.612477   -0.612917 0.000212843
          20   -0.614051   -0.612974 0.000209721
          21    -0.61564   -0.613101 0.000236455
          22   -0.614219   -0.613152 0.000231105
          23   -0.614933   -0.613229 0.000234019
          24   -0.613173   -0.613227 0.000224069
          25   -0.615816    -0.61333  0.00023857
          26   -0.614112   -0.613361 0.000231174
          27   -0.611256   -0.613283 0.000235708
          28   -0.611664   -0.613225 0.000234374
          29   -0.613619   -0.613238 0.000226555
          30    -0.61344   -0.613245 0.000218976
          31   -0.611464   -0.613188 0.000219449
          32   -0.612917   -0.613179 0.000212649
          33   -0.614509   -0.613219 0.000210009
          34   -0.612768   -0.613206 0.000204171
          35   -0.613083   -0.613203 0.000198283
          36   -0.613787   -0.613219 0.000193378
          37   -0.614275   -0.613247 0.000190231
          38   -0.614811   -0.613289 0.000189672
          39   -0.613651   -0.613298 0.000184978
          40   -0.613227   -0.613296 0.000180303
          41   -0.612811   -0.613284 0.000176248
          42   -0.614189   -0.613306 0.000173346
          43   -0.610128   -0.613232 0.000184696
          44   -0.615029   -0.613273 0.000185016
          45   -0.613176   -0.613271  0.00018087
          46   -0.612632   -0.613257 0.000177439
          47   -0.614363    -0.61328  0.00017521
          48   -0.612819   -0.613271  0.00017179
          49   -0.614376   -0.613293 0.000169753
          50   -0.614256   -0.613312 0.000167434
          51   -0.614357   -0.613333 0.000165392
          52    -0.61076   -0.613283  0.00016956
          53   -0.613899   -0.613295 0.000166735
          54   -0.614293   -0.613314 0.000164659
          55   -0.613709   -0.613321 0.000161798
          56   -0.612789   -0.613311 0.000159165
          57   -0.612899   -0.613304 0.000156516
          58   -0.613381   -0.613305 0.000153799
          59    -0.61432   -0.613323 0.000152145
          60   -0.612136   -0.613303 0.000150889
          61   -0.612811   -0.613295 0.000148614
          62   -0.612923   -0.613289 0.000146321
          63   -0.613947   -0.613299 0.000144358
          64   -0.613811   -0.613307 0.000142309
          65   -0.614259   -0.613322 0.000140865
          66   -0.615363   -0.613353 0.000142119
          67   -0.612571   -0.613341 0.000140468
          68   -0.614221   -0.613354 0.000138991
          69    -0.61376    -0.61336 0.000137088
          70   -0.613683   -0.613364 0.000135194
          71   -0.612333    -0.61335 0.000134065
          72   -0.614712   -0.613369 0.000133537
          73   -0.615379   -0.613396 0.000134542
          74   -0.613445   -0.613397 0.000132713
          75   -0.615032   -0.613419 0.000132734
          76   -0.614763   -0.613437 0.000132164
          77   -0.614939   -0.613456 0.000131887
          78   -0.611856   -0.613436 0.000131791
          79   -0.612595   -0.613425 0.000130547
          80   -0.613299   -0.613423 0.000128915
          81   -0.613224   -0.613421 0.000127337
          82   -0.612883   -0.613414 0.000125946
          83   -0.613451   -0.613415  0.00012442
          84   -0.612685   -0.613406 0.000123236
          85   -0.612853     -0.6134 0.000121951
          86   -0.613573   -0.613402 0.000120541
          87   -0.613803   -0.613406 0.000119237
          88   -0.613963   -0.613412 0.000118044
          89    -0.61512   -0.613432 0.000118276
          90   -0.610443   -0.613398 0.000121579
          91   -0.614784   -0.613414 0.000121195
          92   -0.613984    -0.61342 0.000120031
          93   -0.613635   -0.613422 0.000118756
          94   -0.614589   -0.613435  0.00011814
          95   -0.612285   -0.613423 0.000117514
          96   -0.614131    -0.61343 0.000116517
          97   -0.612331   -0.613419 0.000115865
          98   -0.612523   -0.613409 0.000115041
          99   -0.611616   -0.613391 0.000115305
         100   -0.612024   -0.613378 0.000114962
