           1    0.211615    0.211615           0
           2    0.207301    0.209458  0.00215694
           3    0.211616    0.210177  0.00143823
           4    0.212442    0.210743  0.00116398
           5    0.213773    0.211349  0.00108629
           6    0.212228    0.211496 0.000898947
           7    0.212003    0.211568 0.000763193
           8    0.211186     0.21152 0.000662673
           9    0.213839    0.211778 0.000638709
          10    0.211988    0.211799 0.000571664
          11    0.212865    0.211896 0.000526089
          12    0.213683    0.212045 0.000502823
          13    0.210951    0.211961 0.000470126
          14    0.211955     0.21196 0.000435252
          15    0.214324    0.212118 0.000434769
          16    0.210013    0.211986 0.000427446
          17    0.212599    0.212022  0.00040313
          18    0.210671    0.211947 0.000387415
          19    0.209772    0.211833 0.000383919
          20     0.21338     0.21191 0.000372347
          21    0.213105    0.211967 0.000358713
          22    0.211561    0.211949 0.000342516
          23    0.213066    0.211997 0.000330873
          24    0.210686    0.211943 0.000321464
          25    0.210456    0.211883 0.000314023
          26    0.212993    0.211926 0.000304706
          27    0.212738    0.211956 0.000294744
          28    0.212223    0.211965 0.000284182
          29    0.215947    0.212103 0.000306657
          30    0.214504    0.212183 0.000306881
          31    0.214933    0.212271 0.000309795
          32     0.21006    0.212202 0.000307816
          33    0.209504    0.212121 0.000309345
          34     0.21064    0.212077 0.000303252
          35     0.21386    0.212128 0.000298835
          36     0.21562    0.212225 0.000306183
          37    0.211957    0.212218 0.000297881
          38    0.208998    0.212133 0.000302067
          39    0.210997    0.212104 0.000295657
          40    0.213804    0.212146 0.000291289
          41    0.209641    0.212085 0.000290595
          42    0.210206    0.212041   0.0002871
          43    0.210769    0.212011 0.000281899
          44    0.211928    0.212009 0.000275424
          45    0.210741    0.211981 0.000270704
          46    0.212319    0.211988 0.000264856
          47    0.211836    0.211985 0.000259179
          48    0.214434    0.212036 0.000258802
          49    0.212295    0.212041 0.000253521
          50    0.210858    0.212018 0.000249524
          51    0.210775    0.211993 0.000245793
          52    0.211804     0.21199 0.000241047
          53    0.210671    0.211965 0.000237761
          54    0.213198    0.211988 0.000234431
          55    0.211863    0.211985  0.00023014
          56     0.21275    0.211999 0.000226405
          57    0.208671    0.211941 0.000229935
          58    0.212687    0.211953 0.000226302
          59    0.211122    0.211939 0.000222879
          60    0.212499    0.211949 0.000219331
          61    0.215156    0.212001 0.000222021
          62    0.213247    0.212021 0.000219333
          63    0.213491    0.212045 0.000217081
          64    0.215473    0.212098 0.000220275
          65     0.21515    0.212145 0.000221884
          66    0.214667    0.212183 0.000221812
          67     0.21205    0.212181 0.000218485
          68    0.210221    0.212153 0.000217171
          69    0.209582    0.212115 0.000217218
          70    0.212705    0.212124 0.000214258
          71    0.213634    0.212145 0.000212288
          72    0.213997    0.212171 0.000210893
          73    0.210278    0.212145 0.000209593
          74    0.208732    0.212099 0.000211824
          75    0.210642    0.212079 0.000209882
          76    0.214123    0.212106  0.00020884
          77    0.212005    0.212105 0.000206114
          78    0.214418    0.212135 0.000205604
          79    0.211201    0.212123 0.000203329
          80    0.211293    0.212112 0.000201039
          81    0.215377    0.212153  0.00020259
          82    0.214269    0.212178 0.000201761
          83    0.212396    0.212181 0.000199333
          84    0.213161    0.212193  0.00019729
          85    0.211034    0.212179 0.000195431
          86    0.211648    0.212173 0.000193244
          87    0.214201    0.212196 0.000192427
          88    0.212491      0.2122 0.000190257
          89     0.20902    0.212164  0.00019147
          90    0.210189    0.212142 0.000190598
          91    0.212867     0.21215 0.000188661
          92    0.213787    0.212168 0.000187445
          93    0.212847    0.212175 0.000185562
          94    0.212023    0.212173 0.000183585
          95    0.211353    0.212165 0.000181847
          96    0.215708    0.212202 0.000183688
          97    0.215494    0.212236 0.000184927
          98    0.207215    0.212184 0.000190064
          99    0.211741     0.21218 0.000188188
         100    0.215176     0.21221 0.000188691
