           1     1.88357     1.88357           0
           2     1.87976     1.88167  0.00190745
           3      1.9386     1.90064   0.0190102
           4     1.88406      1.8965   0.0140673
           5     1.91957     1.90111   0.0118329
           6     1.87541     1.89683   0.0105686
           7     1.88378     1.89496  0.00912452
           8     1.90967      1.8968  0.00811296
           9     1.93704     1.90127  0.00843708
          10     1.89724     1.90087  0.00755712
          11     1.92183     1.90278  0.00709635
          12     1.88382      1.9012  0.00666792
          13      1.8898     1.90032  0.00619587
          14     1.91506     1.90137  0.00583208
          15      1.8988      1.9012  0.00543207
          16     1.90075     1.90117  0.00508131
          17      1.8612     1.89882  0.00532071
          18      1.9167     1.89981   0.0051138
          19     1.89107     1.89935  0.00485902
          20     1.90877     1.89982  0.00463364
          21     1.89422     1.89956  0.00441555
          22     1.93537     1.90119  0.00451383
          23     1.95776     1.90365  0.00496528
          24     1.93212     1.90483  0.00489972
          25     1.91196     1.90512  0.00470828
          26     1.96866     1.90756  0.00514148
          27     1.94042     1.90878  0.00509488
          28     1.87385     1.90753  0.00506551
          29     1.93587     1.90851  0.00498448
          30     1.88295     1.90766  0.00489023
          31     1.93885     1.90866  0.00483574
          32      1.8793     1.90774  0.00477124
          33     1.91231     1.90788  0.00462646
          34     1.90758     1.90787  0.00448833
          35     1.89677     1.90756  0.00436974
          36     1.89067     1.90709  0.00427244
          37     1.90661     1.90708  0.00415539
          38     1.89614     1.90679  0.00405478
          39     1.87695     1.90602  0.00402285
          40     1.92514      1.9065     0.00395
          41     1.91259     1.90665  0.00385532
          42     1.91636     1.90688   0.0037695
          43     1.89038      1.9065  0.00370074
          44     1.91713     1.90674  0.00362373
          45     1.85086      1.9055  0.00375364
          46     1.93346      1.9061  0.00372112
          47     1.86184     1.90516   0.0037609
          48     1.90211      1.9051  0.00368226
          49     1.91028      1.9052  0.00360788
          50     1.90169     1.90513  0.00353568
          51     1.88968     1.90483  0.00347888
          52     1.91098     1.90495  0.00341337
          53     1.93359     1.90549  0.00339168
          54     1.91296     1.90563  0.00333116
          55     1.86986     1.90498  0.00333407
          56     1.92233     1.90529  0.00328862
          57     1.91218     1.90541  0.00323267
          58     1.87742     1.90493   0.0032129
          59     1.91055     1.90502  0.00315941
          60     1.85422     1.90417  0.00321964
          61       1.934     1.90466  0.00320396
          62     1.92725     1.90503  0.00317285
          63     1.89182     1.90482  0.00312911
          64     1.86121     1.90414  0.00315431
          65     1.87213     1.90364  0.00314421
          66     1.95071     1.90436  0.00317725
          67     1.94718       1.905  0.00319407
          68     1.96289     1.90585   0.0032599
          69      1.8556     1.90512  0.00329384
          70     1.90031     1.90505  0.00324717
          71     1.87564     1.90464   0.0032278
          72     1.95861     1.90539  0.00326975
          73     1.85636     1.90472  0.00329383
          74     1.86733     1.90421  0.00328805
          75     1.91072      1.9043  0.00324508
          76     1.92077     1.90451  0.00320942
          77      1.8843     1.90425  0.00317833
          78     1.96446     1.90502  0.00323088
          79      1.9077     1.90506   0.0031899
          80       1.935     1.90543  0.00317193
          81     1.85248     1.90478  0.00320001
          82     1.92272       1.905  0.00316831
          83     1.92799     1.90527  0.00314215
          84     1.88864     1.90508  0.00311082
          85     1.89523     1.90496  0.00307619
          86     1.94792     1.90546  0.00308096
          87     1.94253     1.90588  0.00307501
          88     1.87274     1.90551  0.00306312
          89     1.92961     1.90578   0.0030406
          90     1.93902     1.90615  0.00302922
          91     1.87662     1.90582  0.00301327
          92     1.88821     1.90563  0.00298648
          93     1.91568     1.90574  0.00295616
          94     1.91177      1.9058  0.00292525
          95     1.93498     1.90611  0.00291055
          96     1.94379      1.9065  0.00290668
          97     1.86643     1.90609  0.00290607
          98     1.88228     1.90585  0.00288651
          99     1.94098      1.9062  0.00287916
         100     1.92193     1.90636  0.00285456
