           1    0.351287    0.351287           0
           2    0.343696    0.347492  0.00379577
           3    0.344046    0.346343  0.00247415
           4    0.343434    0.345616  0.00189465
           5    0.344917    0.345476  0.00147424
           6     0.33978    0.344527  0.00153298
           7    0.346599    0.344823  0.00132899
           8    0.348518    0.345285  0.00124015
           9    0.341237    0.344835  0.00118256
          10     0.34096    0.344447  0.00112645
          11    0.348459    0.344812   0.0010822
          12    0.339371    0.344359  0.00108701
          13    0.341544    0.344142  0.00102307
          14    0.338908    0.343768  0.00101831
          15    0.341627    0.343626 0.000958677
          16     0.33577    0.343135  0.00102235
          17    0.347146    0.343371 0.000988894
          18    0.341619    0.343273 0.000937401
          19    0.347206     0.34348 0.000910531
          20    0.338674     0.34324 0.000896614
          21    0.344502      0.3433 0.000854964
          22     0.34192    0.343237 0.000817585
          23    0.341592    0.343166 0.000784499
          24    0.343225    0.343168 0.000751105
          25    0.349451     0.34342 0.000763011
          26    0.344656    0.343467 0.000734619
          27    0.342919    0.343447 0.000707178
          28    0.346332     0.34355 0.000689203
          29     0.34427    0.343575 0.000665476
          30    0.341057    0.343491 0.000648367
          31    0.337141    0.343286 0.000659704
          32    0.344356    0.343319  0.00063963
          33    0.339463    0.343203 0.000630861
          34    0.341669    0.343157 0.000613684
          35     0.34877    0.343318 0.000617091
          36    0.350459    0.343516 0.000631665
          37    0.342661    0.343493  0.00061479
          38    0.344147     0.34351  0.00059864
          39    0.342945    0.343496 0.000583268
          40    0.342627    0.343474 0.000568914
          41    0.341399    0.343423 0.000557169
          42    0.343976    0.343437   0.0005439
          43    0.348532    0.343555 0.000544157
          44    0.345184    0.343592 0.000532934
          45    0.346789    0.343663 0.000525777
          46    0.342903    0.343647 0.000514486
          47    0.342061    0.343613  0.00050455
          48    0.348474    0.343714 0.000504202
          49    0.341348    0.343666 0.000496161
          50    0.347938    0.343751 0.000493589
          51    0.345122    0.343778 0.000484559
          52    0.346129    0.343823 0.000477295
          53    0.345955    0.343864 0.000469927
          54    0.345513    0.343894 0.000462152
          55    0.345248    0.343919 0.000454339
          56    0.337922    0.343812 0.000458821
          57    0.344726    0.343828 0.000450985
          58    0.340446    0.343769  0.00044696
          59    0.340103    0.343707 0.000443693
          60    0.350601    0.343822 0.000451112
          61    0.342219    0.343796 0.000444433
          62     0.34869    0.343875 0.000444276
          63    0.345346    0.343898  0.00043779
          64     0.34831    0.343967 0.000436375
          65    0.341478    0.343929 0.000431312
          66    0.341853    0.343897  0.00042589
          67    0.335117    0.343766 0.000439478
          68    0.339818    0.343708 0.000436843
          69    0.350321    0.343804 0.000441004
          70    0.339553    0.343743  0.00043888
          71    0.337847     0.34366 0.000440553
          72    0.338829    0.343593 0.000439544
          73    0.341044    0.343558 0.000434885
          74    0.345158     0.34358 0.000429512
          75    0.344723    0.343595 0.000424021
          76    0.344428    0.343606 0.000418548
          77    0.346282    0.343641 0.000414536
          78    0.342689    0.343629 0.000409369
          79    0.346935     0.34367 0.000406314
          80    0.348828    0.343735 0.000406349
          81    0.351472     0.34383 0.000412512
          82    0.351783    0.343927 0.000418832
          83    0.344876    0.343939 0.000413913
          84    0.348831    0.343997 0.000413081
          85    0.347388    0.344037 0.000410138
          86    0.340063    0.343991 0.000407965
          87    0.350209    0.344062 0.000409535
          88    0.352719    0.344161 0.000416634
          89    0.343609    0.344154 0.000411973
          90    0.338318     0.34409   0.0004125
          91    0.344931    0.344099 0.000408047
          92    0.347027    0.344131  0.00040484
          93     0.34455    0.344135 0.000400488
          94     0.34248    0.344118 0.000396596
          95    0.344036    0.344117   0.0003924
          96    0.342254    0.344097 0.000388775
          97    0.346487    0.344122 0.000385535
          98    0.350011    0.344182 0.000386283
          99     0.34564    0.344197 0.000382645
         100    0.347475     0.34423 0.000380215
