           1   -0.804923   -0.804923           0
           2   -0.801309   -0.803116  0.00180667
           3   -0.805675   -0.803969  0.00134738
           4   -0.804973    -0.80422 0.000985279
           5   -0.806061   -0.804588 0.000847399
           6   -0.803909   -0.804475  0.00070109
           7   -0.805909    -0.80468 0.000626953
           8   -0.803843   -0.804575 0.000552954
           9   -0.807565   -0.804908 0.000590071
          10   -0.805544   -0.804971 0.000531599
          11   -0.803179   -0.804808 0.000507712
          12   -0.804659   -0.804796 0.000463643
          13   -0.806461   -0.804924 0.000445318
          14   -0.806053   -0.805005 0.000420103
          15   -0.804851   -0.804994 0.000391229
          16   -0.803765   -0.804917 0.000373935
          17   -0.808037   -0.805101 0.000396304
          18   -0.803957   -0.805037 0.000379003
          19   -0.803368    -0.80495 0.000369112
          20   -0.802264   -0.804815 0.000375034
          21   -0.801565   -0.804661 0.000388853
          22   -0.804509   -0.804654  0.00037082
          23   -0.804011   -0.804626 0.000355432
          24   -0.804299   -0.804612 0.000340573
          25   -0.806723   -0.804697 0.000337399
          26   -0.803592   -0.804654 0.000326934
          27   -0.802376    -0.80457  0.00032571
          28   -0.804453   -0.804566  0.00031389
          29   -0.804037   -0.804547  0.00030342
          30    -0.80264   -0.804484 0.000299947
          31   -0.804229   -0.804476 0.000290226
          32   -0.801397   -0.804379 0.000297018
          33   -0.805539   -0.804414 0.000290013
          34   -0.805397   -0.804443 0.000282835
          35     -0.8048   -0.804454 0.000274824
          36   -0.805371   -0.804479 0.000268293
          37   -0.805443   -0.804505 0.000262238
          38   -0.804997   -0.804518 0.000255572
          39   -0.801816   -0.804449 0.000258394
          40   -0.802325   -0.804396 0.000257385
          41   -0.805741   -0.804428 0.000253166
          42   -0.804835   -0.804438 0.000247254
          43   -0.803552   -0.804418 0.000242313
          44   -0.804851   -0.804427 0.000236946
          45   -0.802219   -0.804378 0.000236764
          46    -0.80312   -0.804351  0.00023317
          47   -0.802595   -0.804314 0.000231195
          48   -0.802541   -0.804277 0.000229319
          49   -0.807371    -0.80434 0.000233298
          50    -0.80696   -0.804392 0.000234514
          51   -0.805336   -0.804411 0.000230614
          52   -0.805456   -0.804431 0.000227027
          53   -0.806469   -0.804469 0.000225999
          54   -0.804661   -0.804473 0.000221803
          55   -0.804979   -0.804482 0.000217927
          56   -0.802333   -0.804444 0.000217413
          57   -0.804304   -0.804441 0.000213579
          58   -0.804637   -0.804445 0.000209891
          59   -0.804176    -0.80444 0.000206353
          60   -0.805139   -0.804452 0.000203219
          61   -0.805224   -0.804464  0.00020026
          62   -0.802795   -0.804437 0.000198836
          63   -0.803981    -0.80443 0.000195788
          64   -0.804861   -0.804437 0.000192822
          65   -0.806253   -0.804465 0.000191878
          66   -0.803269   -0.804447 0.000189815
          67   -0.803744   -0.804436 0.000187255
          68   -0.805344    -0.80445 0.000184963
          69   -0.802952   -0.804428  0.00018355
          70   -0.803445   -0.804414 0.000181453
          71   -0.803459     -0.8044 0.000179384
          72   -0.804053   -0.804396 0.000176941
          73   -0.805661   -0.804413 0.000175359
          74   -0.805011   -0.804421 0.000173162
          75   -0.805493   -0.804435 0.000171435
          76      -0.808   -0.804482 0.000175546
          77   -0.803195   -0.804465 0.000174056
          78   -0.807104   -0.804499 0.000175109
          79   -0.803392   -0.804485 0.000173445
          80   -0.805613   -0.804499 0.000171843
          81   -0.802499   -0.804475 0.000171496
          82   -0.806083   -0.804494 0.000170523
          83   -0.803117   -0.804478 0.000169271
          84   -0.808613   -0.804527  0.00017434
          85   -0.804779    -0.80453 0.000172302
          86   -0.808515   -0.804576 0.000176478
          87   -0.804907    -0.80458 0.000174479
          88   -0.804133   -0.804575  0.00017256
          89   -0.803003   -0.804557 0.000171522
          90    -0.80452   -0.804557 0.000169606
          91   -0.805221   -0.804564 0.000167891
          92   -0.804379   -0.804562 0.000166068
          93   -0.803107   -0.804547 0.000165016
          94   -0.803824   -0.804539 0.000163432
          95   -0.805667   -0.804551 0.000162138
          96   -0.799701     -0.8045 0.000168205
          97   -0.803952   -0.804495 0.000166557
          98   -0.803469   -0.804484 0.000165181
          99   -0.800899   -0.804448 0.000167467
         100   -0.804339   -0.804447 0.000165787
