-1.04601
-0.7712
-0.568088
-0.523388
-0.365369
-0.215737
-0.0846959
0.0577746
0.159528
0.101918
0.152505
0.00467532
-0.00332078
0.126534
0.176202
0.295142
0.286976
0.413436
0.424174
0.706575
0.562082
0.54643
0.366678
0.283563
0.165954
0.328499
0.305303
0.314079
0.264183
0.304976
0.358158
0.34529
0.32956
0.379898
0.368532
0.43381
0.500374
0.526847
0.457931
0.443283
0.443922
0.551653
0.508808
0.485498
0.487687
0.429296
0.396438
0.363011
0.307851
0.375006
0.393647
0.375894
0.405777
0.414358
0.449557
0.3244
0.305475
0.272565
0.295119
0.362961
0.378937
0.613922
0.623513
0.541641
0.562319
0.464767
0.556165
0.555971
0.554771
0.681304
0.645246
0.724237
0.690236
0.67153
0.641832
0.646323
0.515483
0.411325
0.399098
0.396543
0.445339
0.414807
0.316397
0.455789
0.619842
0.489062
0.405189
0.420069
0.540706
0.561317
0.710527
0.703058
0.602091
0.522578
0.507828
0.525892
0.669515
0.538262
0.659621
0.615835
0.728501
0.749251
0.722447
0.638517
0.634357
0.67631
0.707343
0.759485
0.723742
0.721897
0.706467
0.637968
0.676028
0.735104
0.611777
0.460035
0.480019
0.535352
0.586708
0.520713
0.682687
0.743604
0.826218
0.839562
0.942629
0.862163
0.748832
0.839335
0.868651
0.756612
0.781315
0.888176
0.813715
0.618013
0.670882
0.5996
0.583662
0.666361
0.643533
0.633855
0.642372
0.622129
0.652444
0.629092
0.680836
0.682286
0.729435
0.699411
0.69952
0.644292
0.718603
0.697806
0.789812
0.941356
0.897894
0.865291
0.78143
0.767448
0.888836
0.999045
0.739689
0.711302
0.776173
0.698593
0.736663
0.793746
0.847806
0.87983
0.804703
0.934535
0.747036
0.822227
0.732415
0.806221
0.784758
0.832299
0.813931
0.866473
0.862419
0.979702
1.03871
1.05368
1.11276
1.19691
0.967227
1.18016
1.25305
1.10525
0.993748
1.03943
1.05002
1.01457
0.96952
0.842588
1.05775
1.0325
1.1988
0.997412
0.979797
1.00145
0.902406
0.928157
0.897315
0.930425
0.882482
0.835877
0.790189
0.859829
0.87412
0.890441
0.773838
0.870477
0.968747
1.05414
1.07778
1.06588
0.981884
1.05284
0.975675
0.852801
0.884121
0.805364
0.854686
0.825534
0.877861
0.94021
0.89592
1.0799
1.0724
1.07202
1.09444
1.20747
1.21705
1.21553
1.2467
1.0994
1.16574
1.35065
1.48527
1.48618
1.37697
1.20436
1.00954
1.01714
1.10039
1.08755
0.908433
0.767644
0.942825
0.879658
1.05996
1.06158
1.09644
0.978742
0.873311
0.88427
0.984235
1.08965
0.930815
0.814469
0.83371
0.760254
0.844194
1.05394
0.976622
1.07521
0.971077
1.06519
1.00922
0.983149
1.0278
1.0422
1.11716
1.03367
1.00787
1.0117
0.982416
1.04468
1.1313
1.08793
1.01439
1.08959
1.13218
0.895253
0.827579
0.829987
0.88307
0.982713
0.970922
0.831808
1.00579
0.955257
1.13274
1.04147
1.05922
0.936196
1.03619
0.9944
0.960486
0.894547
1.01852
0.96203
0.852482
1.0449
0.981375
0.820089
0.895194
0.998659
1.10746
1.14707
1.2505
1.15456
0.970243
1.01022
1.05453
0.932826
0.857271
0.80045
0.829017
0.876659
1.07421
0.993573
1.20466
1.12697
1.08733
1.09934
1.10083
1.0058
0.987243
1.04537
0.965681
0.855953
0.941121
1.00929
0.982822
1.00188
0.953696
1.02792
0.940252
0.823366
0.677319
0.872616
0.850926
0.962961
0.874534
0.905825
1.00101
1.04565
0.993374
0.873285
0.833675
0.883281
0.878029
1.05554
1.09537
1.11655
1.17628
1.11882
1.2058
1.18934
1.08893
1.09652
1.13124
1.3238
1.2043
1.14285
1.26243
1.11444
1.12482
1.14986
1.14206
1.23462
1.16127
0.98711
1.08808
0.961454
0.902136
0.928103
1.09784
1.05218
1.12163
1.14649
1.08553
1.05668
0.983762
0.869751
0.838498
1.07081
0.941898
0.958099
1.03163
1.15618
1.14356
1.04439
1.08864
0.90882
0.934605
0.846926
0.763971
0.770046
0.844755
0.945432
0.876994
0.751365
0.775017
0.787992
0.723543
0.794101
0.783169
0.759692
0.762488
0.849083
1.06034
1.04503
1.10657
1.00165
1.27355
1.15435
1.23171
1.11937
0.978584
0.953352
1.01286
1.01709
1.08498
1.20792
1.30221
1.37828
1.4413
1.32054
1.1811
1.27602
1.28213
1.30202
1.2637
1.23492
1.30675
1.25869
1.23704
1.17124
1.06217
0.946564
0.749971
0.788114
0.952221
0.853576
1.00832
0.845183
0.986044
1.01936
1.10954
1.02457
1.01161
0.980825
0.959146
0.905072
0.96448
1.07294
0.894493
0.85497
0.841532
0.89292
0.903754
0.919795
0.810686
0.874222
0.787979
0.871325
0.805181
0.808151
0.973632
0.841189
0.925383
0.970588
1.00019
1.02915
1.09265
1.04766
0.92464
1.02311
1.05311
1.07486
1.0431
1.10067
1.12658
1.12398
1.07093
0.951424
1.05263
1.01471
0.822551
0.933617
0.845411
0.828451
0.856564
0.851017
0.836355
0.951128
0.874459
0.958446
0.996312
0.978146
0.844246
1.0482
1.00334
1.0519
0.934851
0.971054
1.07444
1.04183
0.941712
1.04639
1.02714
0.987598
1.09604
0.917515
0.995167
1.0506
1.12729
0.949184
0.991585
1.18035
1.07094
0.843168
0.751817
0.767263
0.649287
0.50109
0.624567
0.627735
0.670883
0.705101
0.736741
0.709558
0.881024
1.00537
0.83514
0.849257
0.852482
0.645983
0.709073
0.828331
0.782883
0.963977
0.798032
0.873479
0.830839
0.794574
0.794809
0.747901
0.964668
0.951532
1.04563
1.15321
1.33373
1.12947
1.01022
0.93833
0.963882
0.993006
0.996277
0.816468
0.721056
0.827116
0.887194
0.815566
0.794954
0.742188
0.879337
0.8536
0.863219
0.884292
0.825419
1.00309
1.02852
1.06175
0.966586
0.891745
1.03089
0.85754
0.940322
0.999529
0.950246
0.901943
0.899988
0.919679
0.990115
1.04246
0.955108
1.06474
1.04736
1.0188
1.05086
1.06883
1.15443
1.07224
1.20004
1.11176
1.29069
1.23138
1.12094
1.06541
1.12747
1.03343
1.08556
1.11554
1.16082
1.09291
1.06946
1.04222
1.06954
0.951641
0.966956
0.750157
0.752411
0.8646
0.99401
0.964185
0.997588
1.08969
1.03737
0.872197
0.840527
0.806315
0.830095
0.797995
0.849398
0.95358
0.886696
0.789775
0.831686
0.826825
0.938264
0.868674
0.932049
1.02365
1.061
1.01258
0.99403
0.960431
0.89864
1.09432
0.947699
0.944068
0.954165
1.01209
1.12481
1.01264
1.04879
0.978936
0.872862
0.970688
1.08423
1.01712
0.949223
1.00182
0.970913
0.913237
0.911432
0.96315
0.807821
0.817758
0.713788
0.678492
0.827523
0.89212
0.88403
0.930155
0.940911
0.958828
1.00146
0.921232
0.877479
0.953167
0.912353
0.924338
0.94378
0.872079
1.01827
0.934257
0.825427
0.966476
0.976141
0.928873
0.902034
0.791769
0.756662
0.755673
0.762178
0.886895
0.969723
0.94417
0.998062
1.05218
0.914316
0.881039
0.929673
0.874847
0.82123
0.850318
0.833505
0.826416
0.897107
0.863116
1.03455
1.00283
1.03312
1.06857
0.998675
0.937829
0.943674
1.03971
1.03442
1.04386
0.960259
0.986357
1.09656
1.01897
0.937451
1.08284
1.12873
1.05735
1.03303
0.98147
0.97918
0.927147
0.882262
0.888843
0.908553
1.1105
1.16174
1.00542
0.944565
0.876979
0.84692
0.768182
0.772977
0.768182
0.779096
0.81652
0.962574
0.964925
0.92106
0.968962
0.95187
0.888889
0.861085
0.885066
0.816007
0.994203
0.984031
1.02829
1.16297
1.14406
1.0183
0.956414
0.979335
0.925611
1.02759
1.02631
0.88395
0.919049
0.894734
0.975401
1.04315
0.954556
0.861494
0.788667
0.823638
0.888199
0.904856
0.875841
0.88732
0.737442
0.880301
0.764536
0.81976
1.00484
1.03294
1.07257
1.07271
0.992084
1.08001
1.01844
1.02429
1.00074
0.886495
0.752487
0.696687
0.74111
0.727565
0.827461
0.696193
0.777102
0.730499
0.64076
0.785229
0.785145
0.826332
0.787116
0.873754
0.80156
0.690723
0.728285
0.89231
1.02757
1.0452
0.810317
0.938466
1.02914
1.02891
1.04219
0.949969
0.987112
0.86826
0.838208
0.919549
1.04083
1.13039
1.20983
1.10823
1.11133
1.09703
1.17959
1.15978
1.12013
1.05144
1.16707
1.19926
1.1466
1.01133
0.996378
1.02983
0.982468
0.964278
0.88185
0.830716
0.968582
1.02393
1.04203
1.11442
1.02158
0.967415
0.993797
1.018
1.16991
1.19454
1.14096
1.08774
1.13322
1.11716
1.03534
1.11884
1.12023
1.11995
0.911571
1.04123
1.03871
0.910442
1.03317
1.12838
1.20958
1.08749
0.962773
1.11562
1.16821
1.19665
1.20201
1.21599
1.13458
0.944297
1.05695
0.98834
0.919538
1.04093
1.00031
1.02558
1.13905
1.11994
1.1574
1.07275
1.00078
1.06255
1.16441
0.995337
1.10389
1.15371
1.05259
1.05308
0.869985
1.02265
1.07318
1.20451
1.15026
1.1431
0.917903
1.04654
1.09057
1.12256
1.23037
1.1365
1.09095
1.12192
1.16834
1.17236
1.14794
1.08463
1.11156
1.21845
1.13124
1.24843
1.37818
1.38872
1.42491
1.41864
1.28215
1.19172
1.23667
1.43366
1.41381
1.37672
1.3468
1.1214
1.2815
1.36826
1.22426
1.24617
1.23161
1.08645
1.09945
1.14413
1.05263
1.01309
1.04807
1.03888
1.01586
1.18016
1.16408
1.14682
1.20364
1.25571
1.16677
1.07468
1.05538
1.07923
1.17339
1.12383
1.13876
1.22626
1.15341
1.24954
1.04903
1.14635
1.18673
1.27646
1.23634
1.11646
1.21513
1.18938
1.2862
1.42684
1.29992
1.28798
1.26311
1.23512
1.15674
1.24858
1.40075
1.31601
1.12873
1.03853
1.13248
1.08595
0.959636
1.03064
0.992478
1.03461
1.08053
1.15992
1.16002
1.1032
1.14763
1.23876
1.44087
1.36007
1.343
1.42313
1.30318
1.49179
1.26103
1.31039
1.29067
1.30133
1.16651
1.15472
1.09082
1.07564
1.08754
1.03445
0.972116
