           1    -5.48714    -5.48714           0
           2    -5.45861    -5.47287   0.0142642
           3    -5.45756    -5.46777  0.00968903
           4     -5.4384    -5.46043   0.0100425
           5    -5.47122    -5.46258  0.00807283
           6    -5.45466    -5.46126  0.00672239
           7    -5.46254    -5.46145  0.00568438
           8     -5.4622    -5.46154  0.00492372
           9    -5.45234    -5.46052   0.0044609
          10    -5.47075    -5.46154   0.0041191
          11    -5.48119    -5.46333  0.00413183
          12     -5.4654     -5.4635  0.00377577
          13    -5.48293      -5.465  0.00378121
          14    -5.47359    -5.46561  0.00355415
          15    -5.45554    -5.46494  0.00337616
          16    -5.45738    -5.46447  0.00319326
          17     -5.4736      -5.465  0.00304731
          18    -5.43968     -5.4636  0.00319899
          19    -5.46172     -5.4635  0.00302756
          20    -5.44538    -5.46259  0.00301169
          21    -5.48064    -5.46345  0.00299085
          22    -5.48627    -5.46449   0.0030345
          23    -5.45777     -5.4642  0.00291425
          24    -5.44658    -5.46346  0.00288514
          25    -5.47298    -5.46384  0.00279339
          26    -5.45593    -5.46354    0.002701
          27    -5.47831    -5.46409  0.00265602
          28    -5.47511    -5.46448   0.0025895
          29    -5.43917    -5.46361  0.00264668
          30     -5.4759    -5.46402  0.00258955
          31    -5.45827    -5.46383  0.00251147
          32    -5.46117    -5.46375  0.00243314
          33    -5.44146    -5.46307  0.00245303
          34    -5.47716    -5.46349   0.0024156
          35    -5.47463     -5.4638  0.00236707
          36    -5.46233    -5.46376  0.00230074
          37    -5.47182    -5.46398  0.00224826
          38    -5.48258    -5.46447  0.00224236
          39    -5.47844    -5.46483  0.00221328
          40    -5.48394    -5.46531   0.0022095
          41    -5.44412    -5.46479  0.00221603
          42    -5.45022    -5.46444  0.00219027
          43    -5.47632    -5.46472  0.00215648
          44    -5.46616    -5.46475  0.00210715
          45    -5.48159    -5.46513  0.00209351
          46    -5.46482    -5.46512  0.00204751
          47    -5.44211    -5.46463  0.00206242
          48    -5.47029    -5.46475  0.00202244
          49    -5.47919    -5.46504  0.00200255
          50    -5.46184    -5.46498  0.00196313
          51    -5.48186    -5.46531  0.00195251
          52    -5.46651    -5.46533  0.00191474
          53    -5.48461     -5.4657  0.00191315
          54    -5.49011    -5.46615  0.00193108
          55    -5.46679    -5.46616  0.00189568
          56    -5.46082    -5.46607  0.00186396
          57    -5.47385     -5.4662  0.00183605
          58     -5.4715    -5.46629  0.00180644
          59     -5.4755    -5.46645   0.0017824
          60    -5.47317    -5.46656  0.00175603
          61    -5.46661    -5.46656    0.001727
          62    -5.43444    -5.46604  0.00177616
          63    -5.46678    -5.46606  0.00174778
          64     -5.4755     -5.4662  0.00172656
          65    -5.47734    -5.46637  0.00170841
          66    -5.47502    -5.46651  0.00168742
          67    -5.47893    -5.46669  0.00167235
          68    -5.44891    -5.46643  0.00166821
          69    -5.47264    -5.46652  0.00164631
          70    -5.46658    -5.46652  0.00162262
          71    -5.45986    -5.46643  0.00160235
          72    -5.45231    -5.46623  0.00159206
          73    -5.47475    -5.46635  0.00157443
          74    -5.45584    -5.46621  0.00155948
          75    -5.45402    -5.46604   0.0015471
          76    -5.45006    -5.46583  0.00154103
          77    -5.44864    -5.46561  0.00153718
          78    -5.44667    -5.46537  0.00153665
          79    -5.46178    -5.46532  0.00151775
          80    -5.49943    -5.46575  0.00155813
          81    -5.46019    -5.46568   0.0015403
          82     -5.4588    -5.46559  0.00152371
          83    -5.46032    -5.46553  0.00150658
          84     -5.4655    -5.46553  0.00148854
          85    -5.45977    -5.46546  0.00147248
          86    -5.46391    -5.46545  0.00145537
          87    -5.46517    -5.46544  0.00143855
          88     -5.4563    -5.46534   0.0014259
          89    -5.42797    -5.46492  0.00147098
          90    -5.44202    -5.46466  0.00147662
          91    -5.44962     -5.4645  0.00146963
          92    -5.43538    -5.46418  0.00148764
          93    -5.44945    -5.46402  0.00148005
          94    -5.46107    -5.46399  0.00146456
          95    -5.47861    -5.46415   0.0014572
          96    -5.46944     -5.4642    0.001443
          97    -5.47871    -5.46435  0.00143585
          98    -5.50722    -5.46479  0.00148692
          99    -5.44787    -5.46462  0.00148171
         100    -5.47414    -5.46471  0.00146991
