           1     1.01887     1.01887           0
           2     1.05602     1.03744    0.018573
           3     1.06299     1.04596   0.0136936
           4      1.0952     1.05827   0.0156616
           5     1.04391      1.0554   0.0124667
           6     1.06966     1.05778    0.010453
           7      1.0512     1.05684  0.00888423
           8     1.05468     1.05657   0.0076987
           9     1.07235     1.05832  0.00701247
          10     1.04496     1.05698  0.00641286
          11      1.0307     1.05459  0.00627335
          12     1.05692     1.05479  0.00573004
          13     1.02513     1.05251  0.00574356
          14     1.04742     1.05214  0.00532989
          15     1.06234     1.05282  0.00500818
          16     1.07929     1.05448  0.00496815
          17     1.04505     1.05392  0.00469958
          18     1.09744     1.05634  0.00504747
          19     1.05324     1.05618  0.00477721
          20     1.07679     1.05721  0.00464772
          21     1.03288     1.05605  0.00457015
          22     1.01286     1.05409  0.00477926
          23     1.07055      1.0548  0.00462248
          24     1.08537     1.05607  0.00460531
          25     1.03382     1.05518  0.00450607
          26     1.07241     1.05585  0.00437968
          27     1.03831      1.0552  0.00426413
          28     1.03659     1.05453  0.00416239
          29     1.11386     1.05658  0.00450729
          30     1.02348     1.05548  0.00449203
          31     1.06178     1.05568  0.00434947
          32     1.05263     1.05558  0.00421243
          33      1.0939     1.05674  0.00424468
          34     1.03256     1.05603  0.00417894
          35     1.03358     1.05539  0.00410817
          36     1.05272     1.05532  0.00399311
          37     1.02501      1.0545  0.00396915
          38     1.02305     1.05367  0.00395094
          39     1.02736       1.053  0.00390697
          40     1.01538     1.05206  0.00392243
          41     1.08107     1.05276  0.00389047
          42     1.06671      1.0531  0.00381122
          43     1.03498     1.05267   0.0037453
          44     1.04312     1.05246  0.00366562
          45     1.01154     1.05155  0.00369678
          46     1.04359     1.05138  0.00361966
          47     1.09403     1.05228  0.00365622
          48     1.05086     1.05225  0.00357936
          49     1.02668     1.05173  0.00354419
          50     1.05507      1.0518  0.00347322
          51     1.03023     1.05138  0.00343059
          52     1.04677     1.05129  0.00336514
          53     1.01068     1.05052  0.00338876
          54     1.01463     1.04986   0.0033912
          55     1.04899     1.04984  0.00332901
          56     1.05975     1.05002  0.00327381
          57     1.03092     1.04968  0.00323326
          58     1.03696     1.04946  0.00318459
          59      1.0434     1.04936  0.00313183
          60      1.0496     1.04936  0.00307919
          61     1.04467     1.04929  0.00302927
          62     1.09338        1.05  0.00306371
          63      1.0523     1.05004  0.00301491
          64     1.02685     1.04967  0.00298946
          65     1.04667     1.04963  0.00294347
          66     1.04106      1.0495  0.00290144
          67     1.01886     1.04904  0.00289415
          68     1.05712     1.04916  0.00285375
          69     1.03793       1.049  0.00281679
          70     1.03764     1.04883  0.00278099
          71     1.06399     1.04905  0.00274983
          72     1.07112     1.04935  0.00272864
          73     1.02551     1.04903  0.00271075
          74     1.07383     1.04936  0.00269478
          75     1.05559     1.04945  0.00265991
          76     1.08391      1.0499  0.00266357
          77     1.08094      1.0503  0.00265949
          78     1.07171     1.05058  0.00263948
          79     1.06452     1.05075  0.00261183
          80     0.99507     1.05006  0.00267125
          81     1.06477     1.05024  0.00264431
          82     1.06046     1.05036  0.00261483
          83     1.05434     1.05041  0.00258358
          84     1.04476     1.05034  0.00255353
          85     1.05286     1.05037  0.00252348
          86     1.05497     1.05043  0.00249454
          87     1.06472     1.05059  0.00247117
          88     1.07442     1.05086  0.00245788
          89     1.11151     1.05154  0.00252384
          90     1.07596     1.05181  0.00251034
          91     1.06869       1.052  0.00248952
          92     1.09601     1.05248  0.00250834
          93     1.07946     1.05277  0.00249813
          94     1.06398     1.05289  0.00247429
          95     1.02637     1.05261  0.00246396
          96      1.0491     1.05257  0.00243844
          97     1.02552     1.05229  0.00242923
          98     0.98903     1.05165  0.00248947
          99     1.08075     1.05194  0.00248167
         100     1.04291     1.05185  0.00245839
