44.8115
29.8738
19.6692
11.8676
9.20269
8.31685
7.00143
7.68202
7.38552
6.50446
6.93428
7.02779
7.08506
7.11078
6.56165
6.77937
6.40156
6.28318
6.40184
6.48653
6.37977
6.31829
6.26571
6.38056
6.28618
6.29812
6.32576
6.26019
6.28233
6.25319
6.25777
6.25319
6.2403
6.31064
6.29979
6.26019
6.28618
6.25777
6.29484
6.28318
6.2403
6.27066
6.26077
6.27765
6.29979
6.26077
6.2869
6.3042
6.27824
6.27475
6.34565
6.27475
6.26776
6.27308
6.2403
6.26186
6.28174
6.31214
6.27765
6.25319
6.2403
6.29607
6.2403
6.26943
6.29484
6.2403
6.2403
6.26077
6.26077
6.27329
6.2403
6.2403
6.31231
6.25319
6.24788
6.32286
6.26943
6.24788
6.26571
6.24788
6.26186
6.24788
6.27329
6.26776
6.25777
6.32762
6.25319
6.24788
6.2403
6.2403
6.25319
6.2403
6.26943
6.2403
6.26186
6.2403
6.24788
6.28674
6.24788
6.2403
6.2403
6.27329
6.2403
6.2403
6.2403
6.28523
6.24788
6.24788
6.24788
6.26943
6.25319
6.2403
6.25319
6.25319
6.25777
6.2403
6.25319
6.26077
6.26077
6.24788
6.2403
6.24788
6.25777
6.2403
6.26077
6.2403
6.2403
6.2403
6.2403
6.26943
6.25319
6.24788
6.2403
6.24788
6.25777
6.2403
6.25777
6.2403
6.25319
6.2403
6.24788
6.2403
6.2403
6.2403
6.24788
6.25319
6.24788
6.24788
6.26019
6.26019
6.25319
6.24788
6.24788
6.2403
6.2403
6.2403
6.2403
6.24788
6.2403
6.24788
6.26019
6.2403
6.2403
6.26077
6.2403
6.25777
6.27066
6.2403
6.2403
6.25319
6.2403
6.2403
6.26186
6.24788
6.2403
6.2403
6.2403
6.2403
6.26186
6.2403
6.25319
6.2403
6.24788
6.2403
6.2403
6.2403
6.2403
6.25319
6.2403
6.2403
6.25319
6.24788
6.2403
6.2403
6.24788
6.25777
6.2403
6.2403
6.2403
6.2403
6.2403
6.24788
6.24788
6.2403
6.25319
6.2403
6.2403
6.2403
6.25319
6.2403
6.2403
6.2403
6.25777
6.2403
6.2403
6.2403
6.2403
6.24788
6.2403
6.25777
6.2403
6.2403
6.2403
6.25319
6.2403
6.2403
6.2403
6.2403
6.2403
6.25777
6.2403
6.24788
6.2403
6.2403
6.2403
6.24788
6.2403
6.2403
6.2403
6.2403
6.2403
6.2403
6.2403
6.2403
6.2403
6.2403
6.2403
6.2403
6.2403
6.2403
